1 0 0 0 0 1 0 0 0 0 1 0
0.999999 0.00044905 0.00128357 0.882803 -0.000451878 0.999997 0.00220368 0.013171 -0.00128258 -0.00220426 0.999997 0.0188782
0.999998 0.000399638 0.00195559 1.62766 -0.000409314 0.999988 0.00495024 -0.00313416 -0.00195359 -0.00495103 0.999986 0.0260662
0.999998 0.000822916 0.00181161 2.33626 -0.000834979 0.999977 0.00666825 0.0268084 -0.00180608 -0.00666975 0.999976 0.0455367
0.999998 0.000972553 0.00191445 3.07021 -0.000988146 0.999966 0.00816099 0.023369 -0.00190644 -0.00816286 0.999965 0.0482516
0.999998 0.0011967 0.00146174 3.81287 -0.00120914 0.999963 0.00854296 0.0417043 -0.00145146 -0.00854471 0.999962 0.0667676
0.999995 0.00181019 0.00247009 4.49938 -0.00183137 0.999961 0.00859759 0.0364569 -0.00245443 -0.00860207 0.99996 0.0762727
0.999985 0.00216389 0.00503846 5.18274 -0.00221202 0.999952 0.00956768 0.0376178 -0.00501752 -0.00957868 0.999942 0.0867806
0.999953 0.00355907 0.00904805 5.83009 -0.00364086 0.999953 0.00903921 0.0247779 -0.00901545 -0.00907172 0.999918 0.0954882
0.999906 0.00461413 0.0129118 6.4587 -0.00472378 0.999953 0.00847474 0.0205839 -0.0128721 -0.00853493 0.999881 0.108606
0.999868 0.00569765 0.0152008 7.07228 -0.00581559 0.999953 0.00772592 0.0160974 -0.015156 -0.00781331 0.999855 0.119411
0.999856 0.00746867 0.0152456 7.64559 -0.00758821 0.999941 0.00779851 0.00630327 -0.0151864 -0.00791307 0.999853 0.125412
0.999882 0.00809113 0.0130665 8.21133 -0.00821185 0.999924 0.00921251 0.0202166 -0.0129909 -0.00931872 0.999872 0.133244
0.999903 0.00929007 0.0103554 8.7362 -0.00938551 0.999914 0.00920601 0.029895 -0.010269 -0.00930231 0.999904 0.132869
0.999902 0.0108577 0.008789 9.22728 -0.0109238 0.999912 0.00750627 0.0145793 -0.00870672 -0.00760154 0.999933 0.133836
0.999892 0.0129742 0.00683075 9.69065 -0.0130026 0.999907 0.00413652 0.0107867 -0.00677644 -0.00422489 0.999968 0.144952
0.999872 0.0148752 0.00582197 10.1301 -0.0148886 0.999887 0.00226578 -0.00814192 -0.00578761 -0.00235217 0.99998 0.182267
0.999852 0.0167539 0.00389248 10.5504 -0.0167763 0.999843 0.00579005 -0.0127682 -0.00379486 -0.00585449 0.999976 0.164172
0.9998 0.0197434 0.00316689 10.9381 -0.0197741 0.999755 0.0099766 -0.00656326 -0.00296914 -0.0100372 0.999945 0.164212
0.999723 0.0232286 0.00390199 11.2672 -0.0232686 0.999674 0.0105391 -0.0221887 -0.00365591 -0.010627 0.999937 0.15249
0.999638 0.0264745 0.00485668 11.5889 -0.0265068 0.999626 0.0067235 -0.0524165 -0.00467687 -0.0068498 0.999966 0.169612
0.99956 0.0293183 0.00451393 11.8714 -0.0293275 0.999568 0.00198811 -0.0475067 -0.00445369 -0.00211961 0.999988 0.185354
0.999491 0.0313704 0.00580096 12.1391 -0.0313621 0.999507 -0.00152865 -0.0548486 -0.00584606 0.00134595 0.999982 0.196501
0.999411 0.033608 0.00690061 12.3843 -0.0335917 0.999433 -0.00246932 -0.0789414 -0.00697968 0.00223606 0.999973 0.20005
0.999347 0.0356502 0.00596221 12.5832 -0.0356428 0.999364 -0.00134107 -0.0720371 -0.00600623 0.00112768 0.999981 0.196258
0.999262 0.0381083 0.00491089 12.7658 -0.0381074 0.999274 -0.000294515 -0.0792306 -0.00491855 0.000107156 0.999988 0.204914
0.999179 0.0403246 0.00397171 12.9504 -0.040332 0.999185 0.00178742 -0.078162 -0.00389639 -0.00194614 0.999991 0.208135
0.999109 0.0420502 0.00368523 13.1091 -0.0420652 0.999106 0.00409321 -0.0939403 -0.00350982 -0.00424458 0.999985 0.206117
0.999057 0.0433536 0.00235711 13.2713 -0.0433658 0.999045 0.00535967 -0.0886336 -0.00212249 -0.00545684 0.999983 0.205782
0.99896 0.045585 0.00078249 13.4039 -0.0455884 0.998948 0.00497216 -0.0946055 -0.00055501 -0.00500267 0.999987 0.213676
0.998882 0.0472769 -0.000762945 13.5553 -0.0472739 0.998875 0.00362146 -0.108842 0.000933299 -0.00358135 0.999993 0.222194
0.99882 0.0485276 -0.00172106 13.6884 -0.0485225 0.998818 0.0028688 -0.120219 0.00185824 -0.00278191 0.999994 0.223392
0.998764 0.049608 -0.00293454 13.8236 -0.0495979 0.998763 0.00343639 -0.129765 0.00310138 -0.0032866 0.99999 0.224792
0.998676 0.0512048 -0.00492897 13.9629 -0.0511846 0.998681 0.00413462 -0.126786 0.00513418 -0.00387685 0.999979 0.224034
0.998615 0.0521358 -0.00712973 14.065 -0.0521058 0.998632 0.00432577 -0.110663 0.0073455 -0.00394828 0.999965 0.228545
0.998566 0.0527052 -0.0094368 14.1975 -0.0526716 0.998605 0.00377507 -0.137478 0.0096226 -0.0032726 0.999948 0.236048
0.998579 0.0520432 -0.0114288 14.3249 -0.0520136 0.998642 0.00287412 -0.15249 0.0115629 -0.00227559 0.999931 0.240696
0.998645 0.0505006 -0.0125513 14.4504 -0.0504735 0.998722 0.00246343 -0.141661 0.0126597 -0.00182659 0.999918 0.242854
0.998777 0.0475318 -0.0136242 14.5639 -0.0475037 0.998868 0.00237881 -0.140464 0.0137218 -0.0017287 0.999904 0.239605
0.99894 0.0435899 -0.014806 14.6959 -0.0435492 0.999047 0.00305775 -0.146874 0.0149252 -0.00240972 0.999886 0.243238
0.999155 0.0378962 -0.0159229 14.8191 -0.037849 0.999278 0.00325314 -0.163959 0.0160347 -0.00264772 0.999868 0.24273
0.999376 0.0311297 -0.0167167 14.9286 -0.031083 0.999512 0.00304614 -0.160562 0.0168034 -0.00252463 0.999856 0.248316
0.999561 0.0238455 -0.0175631 15.0631 -0.0237939 0.999712 0.00313768 -0.163464 0.0176328 -0.0027184 0.999841 0.251345
0.999701 0.0156117 -0.0188012 15.2218 -0.0155616 0.999875 0.00280757 -0.1544 0.0188426 -0.00251415 0.999819 0.251076
0.999783 0.00580568 -0.0199923 15.3423 -0.00576852 0.999982 0.00191619 -0.15694 0.020003 -0.00180045 0.999798 0.251742
0.99974 -0.00682085 -0.0217623 15.4968 0.00682915 0.999977 0.000307104 -0.121455 0.0217597 -0.000455642 0.999763 0.257005
0.999462 -0.0227488 -0.0236302 15.6229 0.0227439 0.999741 -0.00047667 -0.129162 0.0236349 -6.10276e-05 0.999721 0.263322
0.998803 -0.0420854 -0.0249273 15.8262 0.0420973 0.999114 -4.79906e-05 -0.110589 0.0249073 -0.00100144 0.999689 0.260513
0.997685 -0.0633577 -0.0247115 16.0304 0.063389 0.997989 0.00048594 -0.0612322 0.0246311 -0.00205126 0.999695 0.260669
0.995886 -0.0874379 -0.0237697 16.2106 0.0874833 0.996166 0.000876015 -0.0560155 0.023602 -0.00295186 0.999717 0.267865
0.993243 -0.113795 -0.022792 16.4726 0.113862 0.993495 0.00162249 0.00895481 0.0224591 -0.00420666 0.999739 0.279894
0.989384 -0.143772 -0.0211829 16.6706 0.143855 0.989596 0.00239465 0.0482684 0.0206183 -0.00541649 0.999773 0.280014
0.984115 -0.176586 -0.0182873 16.9586 0.176665 0.984267 0.00274629 0.109011 0.0175147 -0.00593339 0.999829 0.292411
0.97683 -0.213493 -0.0149893 17.2153 0.213566 0.976923 0.00343758 0.176706 0.0139095 -0.00655913 0.999882 0.294116
0.967283 -0.253499 -0.010084 17.4547 0.253553 0.967311 0.00444632 0.276415 0.00862722 -0.00685767 0.999939 0.315577
0.955703 -0.294234 -0.00756293 17.7502 0.294293 0.955678 0.00845629 0.399041 0.0047396 -0.0103074 0.999936 0.300146
0.941718 -0.33637 -0.00474747 18.0755 0.336403 0.941643 0.0119261 0.516231 0.000458862 -0.012828 0.999918 0.315877
0.925288 -0.379262 -0.00122416 18.297 0.37924 0.925188 0.0143161 0.664477 -0.00429699 -0.0137108 0.999897 0.306193
0.906198 -0.422827 0.00472589 18.6361 0.422695 0.906109 0.0171987 0.833832 -0.0115542 -0.0135878 0.999841 0.320475
0.884632 -0.466207 0.00881468 18.9139 0.465959 0.884557 0.0210073 1.02613 -0.0175909 -0.0144765 0.99974 0.31681
0.859986 -0.510223 0.00988364 19.176 0.509866 0.859878 0.0254367 1.2141 -0.0214771 -0.0168359 0.999628 0.314279
0.832412 -0.554062 0.0102689 19.4954 0.553618 0.832277 0.0286807 1.4511 -0.0244374 -0.0181891 0.999536 0.314367
0.802107 -0.597126 0.00806051 19.7811 0.596634 0.801877 0.0319497 1.69559 -0.0255415 -0.0208179 0.999457 0.304209
0.768682 -0.639584 0.0077991 20.0676 0.639017 0.76842 0.034471 1.99451 -0.0280401 -0.0215134 0.999375 0.307386
0.732106 -0.681152 0.00726598 20.3394 0.680482 0.731788 0.03782 2.2866 -0.0310784 -0.0227439 0.999258 0.281567
0.693928 -0.72 0.00798342 20.5912 0.719268 0.693653 0.0387176 2.58055 -0.0334144 -0.021125 0.999218 0.265297
0.653557 -0.756829 0.00853978 20.8992 0.756079 0.653345 0.0385363 2.96764 -0.0347448 -0.0187289 0.999221 0.266234
0.61113 -0.791449 0.0113121 21.1539 0.790688 0.611077 0.0373819 3.35552 -0.0364984 -0.0139009 0.999237 0.256812
0.566699 -0.823801 0.0143197 21.3479 0.823014 0.566804 0.0371706 3.68066 -0.0387376 -0.00927918 0.999206 0.2598
0.520792 -0.853563 0.014317 21.623 0.852748 0.520933 0.0380778 4.16234 -0.03996 -0.00762187 0.999172 0.232777
0.470893 -0.882104 0.0123327 21.8659 0.881335 0.471006 0.0374466 4.57276 -0.0388406 -0.00676417 0.999223 0.213103
0.419508 -0.90764 0.014245 22.0623 0.906928 0.419744 0.0360199 5.08247 -0.0386724 -0.00219141 0.99925 0.198873
0.366199 -0.930385 0.0167634 22.2362 0.929734 0.366572 0.0349124 5.58209 -0.0386269 0.00280065 0.99925 0.192149
0.312557 -0.94976 0.0162683 22.3717 0.949186 0.31294 0.0333776 6.07177 -0.0367917 0.00500929 0.99931 0.190548
0.259328 -0.965663 0.0156364 22.5329 0.964939 0.259745 0.0377568 6.64888 -0.0405218 0.00529675 0.999165 0.120847
0.2076 -0.978059 0.0173818 22.5868 0.977163 0.208168 0.0426505 7.24634 -0.0453331 0.00813058 0.998939 0.0928689
0.158965 -0.987077 0.0202353 22.7032 0.986153 0.159731 0.0445913 7.78668 -0.0472472 0.0128666 0.9988 0.105058
0.114343 -0.993221 0.0209107 22.7599 0.992309 0.115192 0.0453075 8.44974 -0.0474091 0.0155693 0.998754 0.082561
0.0737813 -0.997099 0.0187137 22.8201 0.996233 0.0745485 0.0442917 9.05666 -0.0455583 0.0153753 0.998843 0.0754574
0.0384452 -0.999164 0.0138851 22.7927 0.998458 0.0389673 0.0395267 9.72713 -0.0400347 0.0123441 0.999122 0.0366988
0.00925783 -0.999902 0.0105423 22.8222 0.999199 0.00966068 0.0388255 10.3891 -0.0389235 0.0101744 0.99919 -0.0147184
-0.0116818 -0.999898 0.00822288 22.7656 0.999016 -0.0113187 0.0428924 11.1242 -0.042795 0.00871585 0.999046 -0.0347773
-0.0250124 -0.99965 0.00864565 22.7378 0.998504 -0.0245611 0.0488611 11.8484 -0.0486316 0.00985485 0.998768 -0.072511
-0.0330345 -0.999419 0.008437 22.7199 0.99812 -0.0325532 0.0519256 12.5915 -0.0516208 0.0101365 0.998615 -0.0807356
-0.0372315 -0.999268 0.0088226 22.6722 0.998114 -0.0367543 0.0491778 13.3742 -0.0488175 0.0106369 0.998751 -0.122138
-0.0371595 -0.999181 0.0160086 22.6817 0.998331 -0.0364096 0.0448304 14.1426 -0.0442108 0.0176477 0.998866 -0.190801
-0.0332957 -0.999068 0.0274527 22.6659 0.99854 -0.0320842 0.0434498 14.974 -0.0425285 0.0288593 0.998678 -0.161187
-0.0274285 -0.999189 0.0294923 22.6533 0.998705 -0.0261267 0.0436555 15.8321 -0.0428495 0.0306515 0.998611 -0.214236
-0.0223641 -0.999353 0.028162 22.6052 0.998881 -0.021162 0.0422849 16.6549 -0.0416616 0.0290762 0.998709 -0.29576
-0.0186268 -0.999326 0.0316182 22.5816 0.999153 -0.0174445 0.0372676 17.5108 -0.0366909 0.0322856 0.998805 -0.263071
-0.0164135 -0.999429 0.029526 22.5843 0.999537 -0.0156442 0.026102 18.387 -0.0256252 0.0299408 0.999223 -0.280876
-0.0151901 -0.999627 0.0226912 22.5314 0.999731 -0.0147861 0.0178645 19.2916 -0.0175224 0.0229564 0.999583 -0.334875
-0.0164527 -0.999721 0.0169478 22.5202 0.999756 -0.0161981 0.0150504 20.206 -0.0147716 0.0171912 0.999743 -0.336735
-0.0198059 -0.999777 0.00728276 22.4815 0.999597 -0.019653 0.0204981 21.1782 -0.0203504 0.00768581 0.999763 -0.356735
-0.0246211 -0.999694 0.00224655 22.4468 0.999284 -0.0245463 0.0287834 22.1298 -0.0287195 0.00295362 0.999583 -0.40347
-0.029345 -0.999569 -7.49554e-06 22.4151 0.998835 -0.0293237 0.0383201 23.1279 -0.0383038 0.00111702 0.999266 -0.398729
-0.0309077 -0.999521 -0.00165419 22.3979 0.998371 -0.0309515 0.0479214 24.1151 -0.0479497 -0.000170357 0.99885 -0.469898
-0.0320144 -0.999487 0.00019431 22.3328 0.997919 -0.0319533 0.0560033 25.153 -0.0559684 0.00198682 0.998431 -0.491363
-0.0335708 -0.999435 0.00155983 22.2978 0.997754 -0.0334237 0.0580474 26.2021 -0.0579625 0.00350503 0.998313 -0.513318
-0.0351772 -0.999381 0.000309339 22.2663 0.997889 -0.0351077 0.0546267 27.214 -0.054582 0.0022303 0.998507 -0.584744
-0.037986 -0.999275 -0.00254464 22.2093 0.998034 -0.0380656 0.0497958 28.2229 -0.0498565 -0.0006481 0.998756 -0.630366
-0.0420565 -0.999112 -0.00260387 22.1707 0.998121 -0.0421308 0.0444858 29.2568 -0.044556 -0.000728062 0.999007 -0.648523
-0.0480451 -0.998843 -0.002064 22.1176 0.998022 -0.0480892 0.0404788 30.2819 -0.0405312 -0.000115114 0.999178 -0.68665
-0.0550139 -0.998477 -0.0041366 22.0496 0.997766 -0.055131 0.0377261 31.3217 -0.0378967 -0.00205189 0.99928 -0.72158
-0.0609151 -0.998136 -0.00384918 21.9702 0.997321 -0.061021 0.0403319 32.3797 -0.0404916 -0.00138205 0.999179 -0.754027
-0.0673151 -0.997715 -0.00579119 21.9145 0.996706 -0.0675079 0.0449487 33.4372 -0.045237 -0.00274638 0.998973 -0.776232
-0.0734654 -0.997261 -0.00857386 21.8079 0.996106 -0.073795 0.0482312 34.5136 -0.0487318 -0.00499715 0.998799 -0.830747
-0.0777298 -0.996901 -0.0120908 21.711 0.99566 -0.078244 0.0503796 35.563 -0.0511695 -0.00812235 0.998657 -0.869575
-0.0810243 -0.996573 -0.0166234 21.6519 0.995282 -0.08179 0.0522012 36.6489 -0.053382 -0.0123154 0.998498 -0.904342
-0.0818508 -0.996429 -0.0207227 21.5353 0.99515 -0.0828486 0.0530248 37.7341 -0.0545523 -0.0162821 0.998378 -0.970979
-0.0838854 -0.996237 -0.021785 21.4273 0.994975 -0.0849383 0.0530094 38.8092 -0.0546603 -0.0172289 0.998356 -1.0021
-0.0849517 -0.99613 -0.0225396 21.3405 0.994906 -0.0860358 0.0525259 39.884 -0.0542618 -0.0179627 0.998365 -1.0425
-0.085701 -0.996036 -0.0238259 21.2394 0.994885 -0.0868366 0.0516156 40.9629 -0.05348 -0.0192805 0.998383 -1.08415
-0.0871438 -0.995876 -0.0252417 21.1434 0.994774 -0.0883447 0.0511876 42.034 -0.0532065 -0.0206491 0.99837 -1.14247
-0.0873182 -0.995756 -0.0290858 21.015 0.99485 -0.0886731 0.049103 43.1339 -0.0514737 -0.0246484 0.99837 -1.1789
-0.087301 -0.995583 -0.0345542 20.9039 0.995069 -0.08879 0.0441993 44.1784 -0.0470721 -0.0305252 0.998425 -1.21997
-0.0868267 -0.995542 -0.0368544 20.806 0.995161 -0.0883827 0.0429283 45.3065 -0.0459942 -0.0329487 0.998398 -1.25904
-0.0844095 -0.995737 -0.0371999 20.6942 0.995171 -0.0861207 0.0470861 46.4109 -0.050089 -0.0330457 0.998198 -1.3147
-0.0827038 -0.995887 -0.0370103 20.6015 0.99511 -0.0845377 0.0510845 47.5272 -0.0540032 -0.0326044 0.998008 -1.37528
-0.0813323 -0.996079 -0.0348092 20.5005 0.995252 -0.0830389 0.0507657 48.6194 -0.0534572 -0.030515 0.998104 -1.40022
-0.0792301 -0.996267 -0.0342616 20.4234 0.995462 -0.0808897 0.0501203 49.7375 -0.0527046 -0.0301351 0.998155 -1.44456
-0.0748273 -0.996476 -0.0378962 20.333 0.995764 -0.0767023 0.0507093 50.8489 -0.0534374 -0.0339412 0.997994 -1.49325
-0.0685226 -0.996714 -0.0431972 20.232 0.996147 -0.0707309 0.0518539 51.9766 -0.0547389 -0.0394776 0.99772 -1.55146
-0.0629419 -0.996922 -0.0467389 20.1302 0.996516 -0.0653459 0.0518232 53.1018 -0.0547179 -0.0433143 0.997562 -1.58505
-0.0569636 -0.997243 -0.0475641 20.0606 0.996929 -0.0593804 0.0510469 54.2206 -0.0537305 -0.0445102 0.997563 -1.64758
-0.0515702 -0.997564 -0.046978 20.0061 0.997277 -0.0539242 0.0503015 55.37 -0.0527122 -0.0442561 0.997629 -1.68213
-0.0461938 -0.997941 -0.0444993 19.9372 0.997548 -0.0484282 0.0505155 56.4936 -0.0525665 -0.0420567 0.997731 -1.73004
-0.0407724 -0.998222 -0.0434863 19.8768 0.99776 -0.0429866 0.0512601 57.6277 -0.0530383 -0.0412988 0.997738 -1.78155
-0.0352495 -0.998517 -0.0414971 19.8457 0.997885 -0.0374359 0.053148 58.7669 -0.0546226 -0.0395358 0.997724 -1.81363
-0.0293561 -0.998643 -0.0430156 19.7938 0.998032 -0.0316695 0.054124 59.9219 -0.0554128 -0.0413421 0.997607 -1.8785
-0.0241137 -0.99882 -0.0421613 19.7914 0.998179 -0.0263881 0.0542481 61.0609 -0.0552967 -0.0407764 0.997637 -1.91761
-0.0195836 -0.998941 -0.041626 19.7326 0.998505 -0.0216663 0.050185 62.2115 -0.0510337 -0.0405809 0.997872 -1.97021
-0.0154845 -0.999043 -0.0409067 19.7201 0.998844 -0.0173177 0.0448472 63.3742 -0.0455127 -0.040165 0.998156 -2.00419
-0.012173 -0.999073 -0.041288 19.6988 0.998938 -0.0139856 0.0438993 64.5314 -0.044436 -0.0407098 0.998182 -2.04661
-0.00854298 -0.999164 -0.0399804 19.6484 0.998862 -0.0104031 0.0465514 65.7182 -0.0469284 -0.0395372 0.998115 -2.09733
-0.0057658 -0.999198 -0.0396221 19.6449 0.998868 -0.00762535 0.0469424 66.8713 -0.0472069 -0.0393066 0.998111 -2.13572
-0.00503181 -0.999125 -0.0415178 19.6347 0.998904 -0.00695369 0.0462768 68.0087 -0.046525 -0.0412395 0.998065 -2.17722
-0.00399936 -0.999083 -0.042618 19.617 0.998859 -0.006019 0.047367 69.1918 -0.0475801 -0.04238 0.997968 -2.22642
-0.00316474 -0.999077 -0.0428315 19.6196 0.998866 -0.00519305 0.0473275 70.3433 -0.0475063 -0.0426331 0.997961 -2.25956
-0.0020789 -0.999036 -0.0438542 19.5848 0.998955 -0.00407739 0.0455313 71.5398 -0.0456662 -0.0437137 0.998 -2.29877
-0.00121135 -0.999097 -0.0424667 19.5951 0.999026 -0.00308198 0.0440117 72.7493 -0.0441028 -0.042372 0.998128 -2.33918
-0.00112348 -0.999249 -0.0387347 19.5881 0.99902 -0.00283582 0.0441803 73.8886 -0.044257 -0.0386471 0.998272 -2.37301
-0.00109729 -0.999344 -0.0361922 19.5761 0.999004 -0.00271008 0.044543 75.077 -0.0446119 -0.0361073 0.998352 -2.41751
-0.000482664 -0.999371 -0.0354695 19.596 0.998857 -0.00217695 0.0477445 76.2247 -0.0477916 -0.0354059 0.99823 -2.45714
-0.000106893 -0.999291 -0.0376449 19.5603 0.998672 -0.00204576 0.0514693 77.4252 -0.0515099 -0.0375895 0.997965 -2.5046
0.000636335 -0.9992 -0.039996 19.5532 0.998658 -0.0014359 0.051761 78.6161 -0.051777 -0.0399753 0.997858 -2.54281
0.000877592 -0.999162 -0.0409116 19.5727 0.998751 -0.00116778 0.0499444 79.7785 -0.0499503 -0.0409043 0.997914 -2.58797
0.00121813 -0.999159 -0.0409961 19.5408 0.998868 -0.000733314 0.0475521 80.9356 -0.0475421 -0.0410077 0.998027 -2.62696
0.000845484 -0.999232 -0.0391799 19.545 0.998899 -0.000993599 0.0468962 82.1009 -0.0468991 -0.0391764 0.998131 -2.66838
0.00101991 -0.999304 -0.0372849 19.5402 0.99883 -0.000784945 0.0483605 83.2605 -0.0483561 -0.0372906 0.998134 -2.69756
0.00153784 -0.999311 -0.0370859 19.5256 0.998689 -0.000362621 0.0511837 84.475 -0.0511618 -0.037116 0.998 -2.73658
0.00240862 -0.999302 -0.0372711 19.5308 0.99855 0.000399346 0.0538235 85.6507 -0.053771 -0.0373467 0.997855 -2.77039
0.00233311 -0.999244 -0.0387963 19.5312 0.998513 0.000215052 0.0545091 86.8024 -0.0544596 -0.0388658 0.997759 -2.82066
0.00274011 -0.999269 -0.0381359 19.5189 0.998617 0.00073219 0.0525663 87.9685 -0.0524999 -0.0382272 0.997889 -2.86714
0.00305184 -0.999339 -0.0362122 19.5048 0.99871 0.00121018 0.0507707 89.1524 -0.0506934 -0.0363204 0.998054 -2.92373
0.00273906 -0.999389 -0.0348519 19.4986 0.998656 0.000929801 0.0518235 90.2859 -0.0517594 -0.034947 0.998048 -2.96031
0.00308407 -0.999468 -0.0324695 19.5119 0.998482 0.00129228 0.055061 91.4674 -0.0549897 -0.03259 0.997955 -3.00605
0.00351784 -0.999516 -0.030901 19.5148 0.99834 0.00173363 0.0575777 92.6176 -0.0574962 -0.0310522 0.997863 -3.04603
0.00323721 -0.999501 -0.0314327 19.5165 0.998231 0.0013638 0.0594402 93.7857 -0.0593676 -0.0315695 0.997737 -3.09152
0.00387247 -0.999419 -0.0338678 19.5196 0.998124 0.00179383 0.0611917 94.9678 -0.0610954 -0.0340412 0.997551 -3.15652
0.00396821 -0.99935 -0.0358284 19.4879 0.998168 0.00179544 0.0604735 96.1141 -0.0603699 -0.0360027 0.997527 -3.21428
0.00443925 -0.99926 -0.0382121 19.5272 0.998358 0.00224655 0.0572352 97.2819 -0.057107 -0.0384034 0.997629 -3.26281
0.0050142 -0.99918 -0.040167 19.4911 0.998477 0.00279553 0.055103 98.3983 -0.0549456 -0.0403821 0.997672 -3.30287
0.00499732 -0.999167 -0.0404937 19.4963 0.998532 0.00280223 0.0540848 99.5742 -0.0539263 -0.0407045 0.997715 -3.34605
0.00508394 -0.999258 -0.0381772 19.4848 0.99853 0.00301276 0.0541145 100.755 -0.0539594 -0.0383962 0.997805 -3.40503
0.00503421 -0.999255 -0.0382753 19.4844 0.998385 0.00285651 0.0567389 101.891 -0.0565873 -0.0384991 0.997655 -3.44854
0.00538517 -0.999336 -0.0360468 19.5083 0.998251 0.00324988 0.0590352 103.048 -0.0588788 -0.0363016 0.997605 -3.49201
0.00531473 -0.999175 -0.0402686 19.4908 0.998305 0.00296745 0.0581277 104.195 -0.0579602 -0.0405093 0.997497 -3.54478
0.00497595 -0.998993 -0.0445988 19.4842 0.998253 0.00233635 0.0590432 105.355 -0.0588796 -0.0448147 0.997259 -3.61403
0.00544221 -0.998826 -0.0481382 19.4787 0.998277 0.00261406 0.0586196 106.569 -0.058425 -0.0483743 0.997119 -3.6681
0.00503668 -0.998795 -0.0488101 19.4636 0.998466 0.00233143 0.0553232 107.708 -0.0551428 -0.0490139 0.997275 -3.70543
0.00350473 -0.998757 -0.0497222 19.4758 0.998712 0.000978985 0.0507307 108.92 -0.050619 -0.049836 0.997474 -3.77191
0.00296483 -0.998938 -0.0459739 19.4693 0.998758 0.0006713 0.049823 110.115 -0.0497392 -0.0460645 0.997699 -3.82868
0.00246765 -0.999157 -0.0409878 19.4755 0.998774 0.000436325 0.0494945 111.296 -0.0494349 -0.0410597 0.997933 -3.85965
0.00171527 -0.999178 -0.040508 19.4723 0.998691 -0.000359013 0.051144 112.527 -0.0511164 -0.0405427 0.997869 -3.91393
0.00197485 -0.999218 -0.0394907 19.4523 0.998467 -0.000214484 0.0553583 113.7 -0.0553235 -0.0395395 0.997685 -3.96463
0.000665902 -0.99928 -0.0379381 19.4551 0.998424 -0.00146483 0.056108 114.936 -0.0561232 -0.0379156 0.997704 -4.0107
0.000544995 -0.999285 -0.0378101 19.4284 0.998669 -0.00140587 0.0515508 116.129 -0.051567 -0.0377879 0.997954 -4.06474
-0.000910746 -0.999256 -0.0385465 19.4389 0.998849 -0.00275773 0.0478898 117.371 -0.0479605 -0.0384585 0.998109 -4.12946
-0.00141596 -0.999284 -0.0378047 19.4162 0.998908 -0.00317884 0.0466118 118.637 -0.0466986 -0.0376974 0.998197 -4.17325
-0.0019786 -0.999247 -0.0387471 19.4177 0.99885 -0.00383067 0.0477832 119.863 -0.0478956 -0.038608 0.998106 -4.22057
-0.00195094 -0.999044 -0.0436739 19.4211 0.998628 -0.00423145 0.0521853 121.116 -0.0523203 -0.0435122 0.997682 -4.26953
-0.00169654 -0.998758 -0.0498013 19.39 0.998399 -0.00450706 0.0563768 122.37 -0.0565312 -0.049626 0.997167 -4.30754
-0.00148585 -0.99837 -0.0570525 19.3645 0.998396 -0.00470961 0.0564125 123.619 -0.0565892 -0.0568772 0.996776 -4.3675
-0.00147277 -0.998144 -0.0608874 19.3539 0.998524 -0.00477335 0.0540982 124.893 -0.0542884 -0.0607179 0.996678 -4.43126
-0.00182675 -0.99805 -0.0623851 19.3383 0.998573 -0.00515033 0.0531562 126.175 -0.0533739 -0.062199 0.996636 -4.48897
-0.00283367 -0.998023 -0.0627818 19.3232 0.998584 -0.00615931 0.0528415 127.413 -0.0531237 -0.0625432 0.996627 -4.53601
-0.00280013 -0.998169 -0.0604179 19.3052 0.998632 -0.0059461 0.0519534 128.686 -0.0522175 -0.0601898 0.99682 -4.57702
-0.00350359 -0.998144 -0.0607924 19.3053 0.998594 -0.00670785 0.0525846 129.924 -0.0528948 -0.0605227 0.996764 -4.62221
-0.0040377 -0.998172 -0.0603095 19.296 0.998314 -0.00751564 0.0575533 131.199 -0.0579014 -0.0599755 0.996519 -4.68068
-0.00430438 -0.998253 -0.0589261 19.2839 0.998017 -0.00798922 0.0624412 132.461 -0.0628028 -0.0585405 0.996308 -4.72982
-0.00460802 -0.998253 -0.0589083 19.2814 0.998101 -0.00820991 0.0610491 133.709 -0.061426 -0.0585151 0.996395 -4.80031
-0.00362309 -0.99823 -0.0593631 19.2514 0.998207 -0.0071569 0.0594247 134.935 -0.0597443 -0.0590414 0.996466 -4.85893
-0.00217869 -0.99831 -0.0580731 19.2321 0.998207 -0.00564517 0.0595947 136.183 -0.0598219 -0.0578392 0.996532 -4.9147
-0.00162821 -0.998279 -0.0586231 19.2248 0.998271 -0.00506731 0.058564 137.476 -0.0587602 -0.0584264 0.996561 -4.97658
-0.000245689 -0.998298 -0.058318 19.221 0.998145 -0.00379572 0.0607707 138.7 -0.0608886 -0.0581948 0.996447 -5.02518
0.000779876 -0.99825 -0.0591265 19.1906 0.997902 -0.00305083 0.0646703 139.928 -0.0647376 -0.0590529 0.996154 -5.08676
0.00181219 -0.998192 -0.0600748 19.2087 0.997798 -0.00217843 0.0662955 141.189 -0.0663065 -0.0600627 0.99599 -5.14618
0.00320948 -0.998037 -0.0625429 19.1981 0.997978 -0.000773259 0.0635522 142.432 -0.0634758 -0.0626204 0.996017 -5.21581
0.00318474 -0.998074 -0.0619472 19.1725 0.998175 -0.000562833 0.0603849 143.673 -0.0603035 -0.0620265 0.996251 -5.27723
0.00308477 -0.998259 -0.0588963 19.2103 0.998266 -0.000388395 0.0588686 144.908 -0.058789 -0.0589758 0.996527 -5.33554
0.00317045 -0.998342 -0.0574693 19.1709 0.998275 -0.000209485 0.0587116 146.128 -0.0586263 -0.0575563 0.996619 -5.38073
0.00230836 -0.998478 -0.0550984 19.1815 0.998264 -0.000941904 0.0588913 147.391 -0.0588536 -0.0551387 0.996743 -5.44669
0.00206133 -0.998586 -0.0531251 19.1989 0.998294 -0.00104487 0.0583755 148.614 -0.0583485 -0.0531548 0.99688 -5.46765
0.00200932 -0.99862 -0.0524704 19.1728 0.99833 -0.0010263 0.057763 149.831 -0.0577372 -0.0524988 0.99695 -5.53977
0.0016751 -0.998737 -0.0502179 19.1854 0.998183 -0.00135444 0.0602332 151.058 -0.0602252 -0.0502276 0.99692 -5.59205
0.00154881 -0.998883 -0.0472195 19.1706 0.998051 -0.00140145 0.0623827 152.314 -0.0623792 -0.0472242 0.996935 -5.65311
0.00102185 -0.998973 -0.0452911 19.1544 0.998156 -0.00173004 0.0606792 153.516 -0.0606952 -0.0452696 0.997129 -5.70527
0.000388365 -0.998916 -0.0465536 19.1638 0.998149 -0.00244391 0.0607668 154.772 -0.0608147 -0.046491 0.997066 -5.77422
0.00113425 -0.998908 -0.0467169 19.1472 0.997845 -0.00193397 0.0655793 155.991 -0.065598 -0.0466906 0.996753 -5.82779
0.00222049 -0.998694 -0.0510417 19.1377 0.997391 -0.00147075 0.072167 157.207 -0.0721478 -0.0510688 0.996086 -5.90674
0.00415107 -0.998403 -0.0563319 19.1508 0.997348 4.05843e-05 0.0727748 158.467 -0.0726563 -0.0564846 0.995756 -5.97418
0.0052886 -0.998206 -0.0596395 19.1238 0.997584 0.00113502 0.0694647 159.669 -0.0692724 -0.0598628 0.9958 -6.05257
0.00691338 -0.998033 -0.0623069 19.1162 0.997952 0.00292342 0.0639023 160.877 -0.0635944 -0.0626211 0.996009 -6.10129
0.00766243 -0.997888 -0.0645015 19.1264 0.998052 0.0036378 0.0622837 162.116 -0.0619175 -0.064853 0.995972 -6.1801
0.00815774 -0.998174 -0.0598486 19.1167 0.998223 0.00459563 0.0594167 163.315 -0.0590332 -0.060227 0.996438 -6.21901
0.00804291 -0.998413 -0.0557304 19.1175 0.998479 0.00497895 0.0549006 164.545 -0.054536 -0.0560872 0.996935 -6.2861
0.00792445 -0.99867 -0.0509502 19.1242 0.998612 0.00525038 0.0524051 165.775 -0.0520679 -0.0512948 0.997325 -6.31019
0.00642598 -0.998858 -0.0473403 19.1276 0.998528 0.00385945 0.0541077 167.003 -0.0538632 -0.0476183 0.997412 -6.3696
0.00735976 -0.99885 -0.0473825 19.1516 0.998092 0.00443288 0.0615826 168.226 -0.0613017 -0.0477454 0.996977 -6.42927
0.0091325 -0.998796 -0.0482072 19.1573 0.997875 0.00599291 0.0648744 169.42 -0.0645073 -0.0486973 0.996728 -6.49615
0.0110535 -0.998674 -0.0502778 19.1311 0.998056 0.0079343 0.0618205 170.637 -0.0613397 -0.0508634 0.99682 -6.54159
0.0119526 -0.998574 -0.0520329 19.1388 0.998073 0.00874583 0.0614274 171.881 -0.0608847 -0.0526669 0.996754 -6.61008
0.0125198 -0.998636 -0.050697 19.1885 0.997969 0.00931237 0.0630149 173.062 -0.0624568 -0.051383 0.996724 -6.67487
0.0131965 -0.998657 -0.0500985 19.152 0.998047 0.0100955 0.061653 174.28 -0.0610645 -0.0508142 0.99684 -6.71522
0.0151812 -0.998593 -0.0508188 19.1779 0.998122 0.0121178 0.0600549 175.475 -0.0593545 -0.051635 0.996901 -6.76048
0.0166824 -0.998505 -0.0520563 19.1898 0.998005 0.0134579 0.0616884 176.616 -0.0608955 -0.0529816 0.996737 -6.82008
0.0185951 -0.998496 -0.0515738 19.2095 0.997836 0.0152797 0.0639497 177.721 -0.0630655 -0.0526514 0.99662 -6.86777
0.0189338 -0.998464 -0.0520626 19.2026 0.997731 0.0155039 0.0655123 178.843 -0.0646045 -0.0531849 0.996493 -6.91277
0.019791 -0.998402 -0.0529253 19.2252 0.997618 0.0162215 0.067043 179.854 -0.0660774 -0.0541261 0.996345 -6.96303
0.0196241 -0.99848 -0.0514987 19.2354 0.997541 0.0160872 0.0682167 180.966 -0.0672846 -0.0527107 0.99634 -7.00546
0.0197009 -0.998449 -0.0520783 19.2411 0.997567 0.0161458 0.067825 181.965 -0.0668789 -0.0532878 0.996337 -7.04165
0.021076 -0.998386 -0.0527285 19.2513 0.997567 0.0174946 0.0674838 182.964 -0.0664524 -0.0540225 0.996326 -7.08516
0.0219822 -0.998316 -0.0536854 19.2689 0.997506 0.0182984 0.0681704 183.939 -0.0670733 -0.05505 0.996228 -7.13899
0.0217806 -0.998394 -0.052295 19.2799 0.99759 0.0182567 0.066943 184.843 -0.0658807 -0.053627 0.996385 -7.18372
0.0184483 -0.998584 -0.0498992 19.3003 0.997811 0.0152185 0.0643497 185.782 -0.0634992 -0.0509771 0.996679 -7.21163
0.0135996 -0.998678 -0.0495749 19.3233 0.998103 0.010581 0.0606507 186.691 -0.0600459 -0.0503056 0.996927 -7.25126
0.00851742 -0.998582 -0.0525422 19.3067 0.998318 0.00547802 0.057722 187.634 -0.0573524 -0.0529454 0.996949 -7.2926
0.00465549 -0.99852 -0.0541901 19.3035 0.998383 0.00157113 0.0568213 188.547 -0.056652 -0.054367 0.996913 -7.33668
0.00199829 -0.998402 -0.0564731 19.3063 0.998343 -0.00125575 0.0575269 189.486 -0.0575059 -0.0564944 0.996745 -7.37201
0.000467426 -0.998479 -0.0551402 19.318 0.998242 -0.00280235 0.059207 190.374 -0.0592714 -0.0550709 0.996722 -7.4194
-0.00140171 -0.998626 -0.0523786 19.284 0.998128 -0.00459968 0.0609843 191.28 -0.0611415 -0.052195 0.996763 -7.45395
-0.00302384 -0.998703 -0.0508217 19.2798 0.998078 -0.00615956 0.0616576 192.19 -0.0618906 -0.0505376 0.996803 -7.493
-0.00386629 -0.998702 -0.0507972 19.2612 0.998132 -0.00695113 0.0606931 193.118 -0.0609674 -0.0504676 0.996863 -7.52601
-0.00450684 -0.998579 -0.0531017 19.252 0.998193 -0.00767431 0.059597 194.004 -0.0599199 -0.0527372 0.996809 -7.5746
-0.0040699 -0.9984 -0.0564075 19.2586 0.998241 -0.00739254 0.0588214 194.924 -0.0591442 -0.0560689 0.996674 -7.62857
-0.00357702 -0.99827 -0.0586841 19.2419 0.998327 -0.00695189 0.0574061 195.84 -0.0577147 -0.0583806 0.996625 -7.66405
-0.00269754 -0.998222 -0.0595466 19.2424 0.998455 -0.00599317 0.0552364 196.752 -0.0554951 -0.0593056 0.996696 -7.70798
-0.00244862 -0.998248 -0.0591188 19.2103 0.998604 -0.00556045 0.05253 197.685 -0.0527667 -0.0589077 0.996868 -7.74834
-0.00184949 -0.99826 -0.0589306 19.227 0.998621 -0.00493508 0.0522573 198.601 -0.0524572 -0.0587527 0.996893 -7.78393
-0.00115767 -0.998386 -0.0567819 19.1943 0.998477 -0.00428642 0.0550103 199.505 -0.0551649 -0.0566317 0.99687 -7.8292
-0.00119619 -0.998456 -0.055528 19.1931 0.998386 -0.00434514 0.0566232 200.442 -0.056777 -0.0553707 0.99685 -7.87234
-0.000401781 -0.998691 -0.0511453 19.1908 0.998586 -0.00311925 0.0530636 201.396 -0.0531537 -0.0510517 0.997281 -7.89712
-0.00113 -0.998756 -0.0498472 19.1717 0.998783 -0.0035854 0.0491967 202.318 -0.0493142 -0.049731 0.997544 -7.92979
-0.000182649 -0.998533 -0.0541419 19.1532 0.998732 -0.00290801 0.0502628 203.27 -0.0503466 -0.0540641 0.997267 -7.97689
0.00151357 -0.998486 -0.0549808 19.1693 0.998571 -0.00142794 0.0534221 204.216 -0.0534198 -0.0549831 0.997057 -8.04193
0.00346741 -0.998592 -0.0529429 19.1863 0.998546 0.000609099 0.0539095 205.179 -0.0538013 -0.0530528 0.997141 -8.06499
0.00523946 -0.998648 -0.0517089 19.1906 0.998502 0.00240834 0.0546623 206.181 -0.0544639 -0.0519178 0.997165 -8.10102
0.00770338 -0.998615 -0.0520363 19.1664 0.998222 0.00460338 0.059433 207.168 -0.0591112 -0.0524016 0.996875 -8.17202
0.00870374 -0.998766 -0.048892 19.1745 0.997951 0.00557665 0.0637352 208.137 -0.0633839 -0.0493466 0.996768 -8.20823
0.010382 -0.998777 -0.0483417 19.1978 0.997881 0.00724284 0.0646657 209.139 -0.0642365 -0.0489106 0.996735 -8.25169
0.0128793 -0.998599 -0.0513199 19.2011 0.997829 0.00952013 0.0651709 210.175 -0.0645911 -0.0520478 0.996554 -8.30712
0.0157626 -0.99842 -0.0539331 19.2045 0.997674 0.0121278 0.0670717 211.137 -0.0663117 -0.0548649 0.996289 -8.37079
0.0195796 -0.99833 -0.0543513 19.2111 0.997581 0.0158808 0.0676694 212.191 -0.0666932 -0.0555447 0.996226 -8.42946
0.0222777 -0.998091 -0.057604 19.2333 0.997683 0.0184898 0.0654745 213.191 -0.0642844 -0.0589292 0.99619 -8.48028
0.0252265 -0.998003 -0.0579057 19.2341 0.99781 0.0215944 0.0625155 214.213 -0.0611402 -0.059356 0.996363 -8.53653
0.0271137 -0.998005 -0.0570187 19.2511 0.997831 0.0235981 0.06145 215.262 -0.0599819 -0.0585611 0.99648 -8.58626
0.0287986 -0.997967 -0.0568485 19.2651 0.997655 0.0251642 0.063643 216.294 -0.062083 -0.058548 0.996352 -8.63986
0.0302825 -0.997843 -0.0582426 19.3016 0.997408 0.0263615 0.0669515 217.36 -0.0652717 -0.0601191 0.996055 -8.70161
0.0317464 -0.997795 -0.0582873 19.3347 0.997349 0.0278042 0.0672414 218.418 -0.0654725 -0.0602675 0.996033 -8.75777
0.0326194 -0.997814 -0.0574682 19.351 0.997506 0.0289011 0.0643862 219.509 -0.0625846 -0.0594251 0.996269 -8.8107
0.0322761 -0.997954 -0.0551965 19.3858 0.997681 0.0288581 0.0616394 220.576 -0.0599204 -0.057058 0.996571 -8.86708
0.0324095 -0.998079 -0.0528042 19.4105 0.997741 0.0291977 0.0604998 221.625 -0.0588418 -0.0546457 0.996771 -8.91421
0.0324044 -0.998038 -0.0535645 19.4443 0.99779 0.0291926 0.0596929 222.739 -0.0580121 -0.0553804 0.996779 -8.97306
0.032786 -0.998077 -0.0525973 19.474 0.997769 0.0296233 0.0598231 223.833 -0.05815 -0.0544414 0.996822 -9.02831
0.0325505 -0.997925 -0.055552 19.4925 0.997732 0.0291668 0.0606692 224.933 -0.058923 -0.0574008 0.996611 -9.08083
0.0331932 -0.997892 -0.0557661 19.506 0.997578 0.0296666 0.0629179 226.028 -0.0611308 -0.0577195 0.996459 -9.13551
0.0322046 -0.997891 -0.0563611 19.5476 0.997483 0.0285251 0.064914 227.165 -0.0631694 -0.0583098 0.996298 -9.19175
0.0315195 -0.997883 -0.0568804 19.5928 0.997375 0.0276899 0.0669041 228.292 -0.0651875 -0.0588398 0.996137 -9.25436
0.0313362 -0.997769 -0.0589534 19.6147 0.997299 0.0272926 0.0681881 229.436 -0.066427 -0.0609309 0.995929 -9.3133
0.0299638 -0.997636 -0.0618387 19.6356 0.997416 0.0258007 0.0670555 230.552 -0.0653015 -0.0636881 0.995831 -9.38928
0.029425 -0.997722 -0.0607024 19.6208 0.997689 0.025595 0.0629345 231.711 -0.0612374 -0.062414 0.99617 -9.4352
0.0271255 -0.99796 -0.0577973 19.6621 0.998112 0.0238516 0.0565997 232.858 -0.0551056 -0.0592235 0.996723 -9.50487
0.0244348 -0.998265 -0.0535734 19.6935 0.998406 0.0216404 0.0521338 234.029 -0.050884 -0.0547618 0.997202 -9.54947
0.0228436 -0.998578 -0.0481675 19.7048 0.998435 0.0203277 0.05209 235.217 -0.0510368 -0.0492821 0.99748 -9.59217
0.0202699 -0.998896 -0.042386 19.7386 0.99827 0.0178804 0.056014 236.383 -0.0551943 -0.0434481 0.99753 -9.64824
0.0181319 -0.999036 -0.0399822 19.7557 0.998144 0.0157619 0.0588163 237.583 -0.0581294 -0.0409744 0.997468 -9.7025
0.0165847 -0.999114 -0.0386828 19.721 0.998207 0.0143195 0.0581185 238.825 -0.0575131 -0.0395773 0.99756 -9.76316
0.0136036 -0.999152 -0.0388528 19.7781 0.998218 0.0113125 0.0585907 239.996 -0.0581015 -0.0395806 0.997526 -9.82068
0.0120554 -0.999228 -0.0374021 19.7866 0.998129 0.00978264 0.0603632 241.211 -0.0599507 -0.0380598 0.997475 -9.88526
0.0101364 -0.999269 -0.0368713 19.8012 0.998146 0.00789836 0.0603448 242.442 -0.0600095 -0.0374147 0.997496 -9.94112
0.00762314 -0.999291 -0.036865 19.7956 0.998258 0.00544813 0.0587441 243.647 -0.0585016 -0.0372486 0.997592 -10.0038
0.00606301 -0.999281 -0.0374311 19.7864 0.998283 0.00386738 0.0584539 244.847 -0.0582671 -0.0377212 0.997588 -10.0571
0.00351543 -0.999278 -0.037829 19.8051 0.998232 0.00126188 0.0594319 246.137 -0.0593413 -0.037971 0.997515 -10.1221
0.00120248 -0.999278 -0.0379694 19.7716 0.998198 -0.00107881 0.0600047 247.379 -0.0600024 -0.0379731 0.997476 -10.1823
-0.00108359 -0.999223 -0.039409 19.7655 0.998127 -0.00349095 0.0610691 248.661 -0.0611592 -0.039269 0.997355 -10.2401
-0.00386131 -0.999157 -0.0408688 19.7783 0.998004 -0.00642625 0.0628163 249.927 -0.063026 -0.0405447 0.997188 -10.3154
-0.00540915 -0.999086 -0.0424031 19.7614 0.997925 -0.00811399 0.0638784 251.162 -0.0641641 -0.0419695 0.997056 -10.3724
-0.00554451 -0.998949 -0.0454998 19.7244 0.997899 -0.00846411 0.0642279 252.422 -0.0645455 -0.0450482 0.996897 -10.4365
-0.00574429 -0.998887 -0.0468082 19.7333 0.997867 -0.00876962 0.0646856 253.713 -0.0650242 -0.0463368 0.996807 -10.4889
-0.00540335 -0.998969 -0.0450731 19.6755 0.997919 -0.00828282 0.0639446 254.938 -0.064252 -0.0446338 0.996935 -10.5606
-0.00571614 -0.999063 -0.0429036 19.7008 0.998007 -0.0083957 0.0625376 256.173 -0.0628392 -0.0424606 0.99712 -10.6251
-0.00553855 -0.999114 -0.0417203 19.66 0.997999 -0.00815085 0.0627071 257.444 -0.0629916 -0.0412895 0.99716 -10.6848
-0.00552562 -0.999139 -0.0411256 19.6576 0.99797 -0.00811928 0.0631695 258.71 -0.063449 -0.0406931 0.997155 -10.7512
-0.00541304 -0.999147 -0.0409377 19.6595 0.997978 -0.00799045 0.0630604 259.965 -0.0633337 -0.0405135 0.99717 -10.8064
-0.00549135 -0.999178 -0.0401621 19.6458 0.997923 -0.00805349 0.0639139 261.205 -0.0641848 -0.0397277 0.997147 -10.8687
-0.00575503 -0.999255 -0.038163 19.6235 0.997867 -0.00822033 0.0647604 262.466 -0.0650259 -0.0377089 0.997171 -10.9308
-0.00534952 -0.999418 -0.0336854 19.6096 0.997708 -0.00760641 0.0672316 263.697 -0.0674487 -0.0332486 0.997169 -10.9928
-0.00514539 -0.99954 -0.0298985 19.609 0.997462 -0.00725323 0.0708248 264.933 -0.071009 -0.0294582 0.997041 -11.0636
-0.00530676 -0.999591 -0.0280926 19.5939 0.997281 -0.00735509 0.07332 266.196 -0.0734966 -0.0276271 0.996913 -11.1259
-0.00503692 -0.999577 -0.0286323 19.594 0.997355 -0.00709761 0.0723313 267.428 -0.0725039 -0.0281923 0.99697 -11.1869
-0.0045312 -0.999508 -0.0310495 19.5746 0.99747 -0.00672044 0.0707706 268.695 -0.0709445 -0.0306503 0.997009 -11.2635
-0.00536103 -0.999322 -0.0364317 19.5673 0.997274 -0.0080242 0.0733523 269.887 -0.0735949 -0.0359391 0.99664 -11.3408
-0.00444165 -0.999116 -0.0417961 19.5308 0.996782 -0.00776908 0.0797887 271.138 -0.0800429 -0.0413072 0.995935 -11.4362
-0.00404178 -0.998964 -0.0453318 19.5127 0.996759 -0.00766655 0.0800747 272.35 -0.0803392 -0.0448612 0.995758 -11.5009
-0.00445933 -0.998935 -0.0459277 19.4839 0.997267 -0.00782977 0.0734696 273.587 -0.073751 -0.0454745 0.996239 -11.5829
-0.0047602 -0.999061 -0.043058 19.4772 0.997678 -0.00767022 0.0676733 274.831 -0.06794 -0.0426359 0.996778 -11.6554
-0.00548805 -0.999281 -0.0375161 19.4803 0.997747 -0.00798074 0.0666199 276.061 -0.0668714 -0.037066 0.997073 -11.7203
-0.00418315 -0.999427 -0.0335943 19.4864 0.997652 -0.00646752 0.0681806 277.25 -0.0683588 -0.0332302 0.997107 -11.7756
-0.00266463 -0.999454 -0.0329331 19.4534 0.997508 -0.00497834 0.0703737 278.531 -0.0704993 -0.0326635 0.996977 -11.8489
-0.00121512 -0.999434 -0.0336211 19.462 0.997326 -0.00366779 0.0729851 279.767 -0.0730671 -0.0334425 0.996766 -11.9153
3.30666e-05 -0.999393 -0.0348242 19.4452 0.997211 -0.00256623 0.074593 280.975 -0.0746371 -0.0347296 0.996606 -11.9954
0.00030049 -0.999366 -0.0356106 19.448 0.997134 -0.00239458 0.0756148 282.196 -0.0756521 -0.0355312 0.996501 -12.0711
0.0011177 -0.99938 -0.0351889 19.4384 0.997162 -0.00153525 0.0752742 283.39 -0.0752816 -0.0351732 0.996542 -12.1339
0.00132662 -0.999335 -0.0364284 19.424 0.997292 -0.00135639 0.0735283 284.663 -0.0735288 -0.0364273 0.996628 -12.2098
0.00101317 -0.999371 -0.0354539 19.4168 0.99737 -0.00155951 0.0724611 285.854 -0.0724708 -0.0354341 0.996741 -12.2856
0.00125887 -0.999338 -0.0363473 19.4108 0.997375 -0.00137679 0.0723974 287.086 -0.0723996 -0.036343 0.996713 -12.3617
0.0021744 -0.999333 -0.0364394 19.4005 0.997388 -0.000463415 0.0722246 288.317 -0.0721934 -0.0365013 0.996723 -12.4337
0.00222254 -0.999301 -0.0373165 19.4199 0.997345 -0.000501311 0.0728255 289.518 -0.0727933 -0.0373793 0.996646 -12.5023
0.00274358 -0.999328 -0.0365565 19.4044 0.997313 5.80105e-05 0.073263 290.769 -0.0732116 -0.0366593 0.996642 -12.5807
0.00195451 -0.999323 -0.0367505 19.3991 0.99743 -0.000684155 0.0716502 291.967 -0.0716268 -0.036796 0.996753 -12.635
0.00203635 -0.999331 -0.0365234 19.4076 0.9976 -0.000497545 0.0692343 293.206 -0.0692061 -0.0365768 0.996932 -12.7121
0.00152821 -0.999294 -0.0375473 19.3815 0.997784 -0.000974007 0.0665333 294.448 -0.0665229 -0.0375658 0.997077 -12.7851
0.00161354 -0.999246 -0.0387984 19.3853 0.997869 -0.000921729 0.0652381 295.635 -0.0652247 -0.038821 0.997115 -12.8512
0.00166891 -0.999125 -0.0417939 19.3728 0.997857 -0.0010698 0.065421 296.883 -0.0654084 -0.0418135 0.996982 -12.923
0.00167518 -0.998991 -0.0448777 19.3601 0.997759 -0.00133184 0.0668913 298.122 -0.0668836 -0.0448892 0.99675 -12.9795
0.00128272 -0.998845 -0.0480275 19.3471 0.997682 -0.0019895 0.0680223 299.321 -0.0680393 -0.0480035 0.996527 -13.0469
0.00161135 -0.998728 -0.0503925 19.3451 0.997662 -0.00183744 0.0683174 300.551 -0.0683231 -0.0503847 0.99639 -13.1104
0.000814913 -0.998728 -0.0504156 19.331 0.997777 -0.00254731 0.0665901 301.794 -0.0666338 -0.0503578 0.996506 -13.1747
-0.000373142 -0.998828 -0.0483935 19.3199 0.997934 -0.00348086 0.0641493 303.035 -0.0642426 -0.0482696 0.996766 -13.2406
-0.00106079 -0.998988 -0.0449675 19.3205 0.997957 -0.00393008 0.0637677 304.255 -0.0638798 -0.044808 0.996951 -13.3043
-0.00192056 -0.999095 -0.0424866 19.3078 0.997813 -0.00472157 0.0659252 305.512 -0.0660662 -0.0422671 0.99692 -13.3744
-0.00326982 -0.999133 -0.0415089 19.2803 0.997696 -0.0060723 0.0675698 306.762 -0.0677633 -0.0411924 0.996851 -13.424
-0.0031392 -0.999103 -0.0422407 19.283 0.997724 -0.0059747 0.0671694 308.017 -0.0673615 -0.0419337 0.996847 -13.4924
-0.00350026 -0.999014 -0.0442691 19.2687 0.997818 -0.00640788 0.0657102 309.23 -0.0659291 -0.0439425 0.996856 -13.5591
-0.00262575 -0.999027 -0.0440249 19.2483 0.997845 -0.00550396 0.0653838 310.485 -0.0655625 -0.0437584 0.996889 -13.6377
-0.00166974 -0.999108 -0.0422029 19.2704 0.997854 -0.00442703 0.0653253 311.713 -0.0654539 -0.0420033 0.996971 -13.6919
-0.00104627 -0.999207 -0.0398064 19.2601 0.997811 -0.00367529 0.0660295 312.947 -0.0661235 -0.0396501 0.997023 -13.7517
-0.000941668 -0.999347 -0.0361162 19.2502 0.997741 -0.0033649 0.0670936 314.188 -0.0671714 -0.0359714 0.997093 -13.8284
-0.000399123 -0.999414 -0.0342284 19.2701 0.997699 -0.00271842 0.0677398 315.477 -0.0677931 -0.0341226 0.997116 -13.8915
-2.70425e-05 -0.999448 -0.0332228 19.246 0.997696 -0.00228097 0.0678068 316.713 -0.0678452 -0.0331445 0.997145 -13.9545
0.000882374 -0.999444 -0.0333243 19.2256 0.997743 -0.00135742 0.0671298 317.931 -0.0671377 -0.0333083 0.997188 -14.0236
0.00178898 -0.999411 -0.0342573 19.2318 0.997701 -0.000536923 0.0677656 319.202 -0.0677441 -0.0342998 0.997113 -14.0969
0.0038863 -0.999331 -0.0363595 19.259 0.997533 0.00132562 0.0701873 320.452 -0.0700922 -0.0365425 0.996871 -14.1646
0.00488308 -0.999251 -0.0383958 19.2222 0.997469 0.00214346 0.0710721 321.719 -0.0709365 -0.0386457 0.996732 -14.2315
0.00733821 -0.99913 -0.0410451 19.2178 0.997398 0.00436934 0.0719591 322.95 -0.0717172 -0.0414664 0.996563 -14.3091
0.00894573 -0.999007 -0.0436567 19.2141 0.997197 0.00566935 0.0746033 324.236 -0.0742817 -0.0442018 0.996257 -14.3815
0.00959004 -0.998933 -0.0451673 19.2114 0.996868 0.00600485 0.0788527 325.471 -0.0784974 -0.045782 0.995863 -14.4627
0.00963539 -0.998816 -0.0476785 19.1969 0.996619 0.00570193 0.0819581 326.746 -0.0815892 -0.048307 0.995495 -14.5363
0.0101602 -0.998618 -0.0515585 19.2145 0.996449 0.00580102 0.0840041 328.011 -0.0835889 -0.0522288 0.995131 -14.6216
0.0106853 -0.998313 -0.0570707 19.1873 0.996243 0.00572302 0.0864157 329.278 -0.0859433 -0.0577796 0.994623 -14.7126
0.0111714 -0.998089 -0.0607708 19.2168 0.996223 0.00587599 0.086628 330.518 -0.0861054 -0.0615091 0.994385 -14.8053
0.0108022 -0.997993 -0.0623891 19.1784 0.996686 0.00571516 0.081147 331.748 -0.0806276 -0.0630589 0.994748 -14.8891
0.0102856 -0.997929 -0.0635017 19.1799 0.997244 0.00557108 0.0739782 332.983 -0.0734712 -0.0640876 0.995236 -14.9499
0.010287 -0.997801 -0.0654763 19.1924 0.997309 0.00548423 0.0731132 334.244 -0.0725933 -0.0660522 0.995172 -15.0322
0.0105791 -0.99798 -0.062634 19.2174 0.997033 0.00575189 0.0767551 335.491 -0.0762399 -0.0632602 0.995081 -15.1057
0.0101784 -0.997912 -0.0637852 19.2259 0.997 0.00523323 0.0772207 336.712 -0.0767257 -0.0643799 0.994972 -15.1809
0.0108643 -0.997879 -0.0641869 19.2257 0.996826 0.00574529 0.0794048 337.978 -0.0788676 -0.0648459 0.994774 -15.2632
0.0108021 -0.997954 -0.0630246 19.2299 0.996531 0.00554272 0.0830351 339.2 -0.0825158 -0.0637029 0.994552 -15.3484
0.0105533 -0.998026 -0.0619158 19.2211 0.996343 0.00524481 0.085281 340.451 -0.0847879 -0.0625893 0.994431 -15.4223
0.0109079 -0.997992 -0.0623937 19.2105 0.996302 0.00552858 0.0857468 341.643 -0.0852297 -0.0630983 0.994361 -15.5112
0.010008 -0.997931 -0.0635116 19.2164 0.996433 0.00463068 0.0842556 342.85 -0.0837872 -0.0641283 0.994418 -15.5918
0.0108131 -0.997755 -0.0660952 19.2418 0.99664 0.00538716 0.0817266 343.998 -0.081187 -0.0667568 0.994461 -15.6688
0.0102425 -0.997727 -0.0666092 19.2512 0.996624 0.00475892 0.0819681 345.2 -0.0814647 -0.0672239 0.994407 -15.745
0.00965032 -0.997734 -0.0665825 19.2169 0.99641 0.00399422 0.0845643 346.381 -0.0841068 -0.0671596 0.994191 -15.8235
0.00993363 -0.997838 -0.0649632 19.2311 0.996152 0.00421728 0.0875455 347.501 -0.0870823 -0.0655828 0.99404 -15.8961
0.0102965 -0.998013 -0.0621594 19.2349 0.995933 0.00467104 0.0899757 348.577 -0.0895065 -0.062833 0.994002 -15.9666
0.00957072 -0.998047 -0.0617367 19.2477 0.995673 0.00380484 0.0928442 349.703 -0.092428 -0.0623582 0.993765 -16.0512
0.00891285 -0.998058 -0.0616464 19.2586 0.99542 0.00298723 0.0955547 350.763 -0.095185 -0.0622157 0.993513 -16.1319
0.00822635 -0.998071 -0.0615416 19.2552 0.995796 0.00256199 0.0915596 351.853 -0.0912253 -0.0620361 0.993896 -16.1974
0.00723717 -0.998003 -0.0627547 19.2357 0.996809 0.00221109 0.0797932 352.936 -0.0794951 -0.0631319 0.994834 -16.2783
0.00512368 -0.997836 -0.0655514 19.2397 0.997668 0.000639384 0.0682476 353.962 -0.068058 -0.0657483 0.995513 -16.344
0.00414778 -0.997849 -0.0654177 19.2521 0.998003 7.39031e-06 0.0631652 355.004 -0.0630289 -0.065549 0.995857 -16.4069
0.00385854 -0.997796 -0.0662472 19.2237 0.997788 -0.000554801 0.066472 356.041 -0.0663622 -0.0663571 0.995587 -16.4485
0.00333645 -0.99781 -0.0660567 19.2407 0.997308 -0.00151821 0.073306 357.123 -0.0732458 -0.0661234 0.995119 -16.5115
0.00345948 -0.997758 -0.0668316 19.2332 0.996817 -0.00188194 0.0796958 358.129 -0.0796429 -0.0668946 0.994576 -16.5592
0.00386982 -0.997715 -0.0674587 19.2112 0.996606 -0.00169908 0.0823005 359.171 -0.082227 -0.0675483 0.994322 -16.6237
0.00450775 -0.997452 -0.0711927 19.2242 0.996387 -0.00155765 0.0849124 360.153 -0.084807 -0.0713183 0.993842 -16.7027
0.00657487 -0.997168 -0.0749138 19.1867 0.996258 7.61718e-05 0.0864235 361.123 -0.0861731 -0.0752017 0.993438 -16.7633
0.00847836 -0.996955 -0.0775138 19.1987 0.996309 0.00179988 0.0858255 362.053 -0.0854247 -0.0779553 0.99329 -16.8269
0.0108235 -0.996745 -0.0798901 19.2039 0.996537 0.00416553 0.0830404 362.977 -0.0824373 -0.0805122 0.993339 -16.8866
0.0150951 -0.996562 -0.0814679 19.2085 0.996706 0.00850435 0.0806486 363.866 -0.0796784 -0.082417 0.993408 -16.9413
0.020131 -0.996551 -0.0805076 19.1791 0.996862 0.0138405 0.0779431 364.758 -0.07656 -0.081824 0.993702 -16.9857
0.0286928 -0.996306 -0.0809344 19.1937 0.9969 0.0225872 0.0753703 365.625 -0.0732638 -0.0828461 0.993866 -17.0401
0.0409326 -0.99595 -0.0800468 19.2077 0.996747 0.0351363 0.0725259 366.447 -0.0694197 -0.0827551 0.994149 -17.0808
0.0583396 -0.995124 -0.0795329 19.2705 0.996029 0.0526548 0.0717925 367.243 -0.0672547 -0.0834054 0.994244 -17.1182
0.0794379 -0.993876 -0.0768148 19.3357 0.99468 0.0739608 0.0716986 368.021 -0.0655782 -0.0821018 0.994464 -17.1476
0.104306 -0.991982 -0.0713551 19.4095 0.99239 0.0990915 0.0730896 368.723 -0.0654329 -0.0784358 0.99477 -17.1806
0.132714 -0.98889 -0.0669633 19.4913 0.98896 0.127625 0.0753 369.45 -0.0659173 -0.0762174 0.99491 -17.2068
0.163699 -0.984577 -0.0617348 19.6116 0.984215 0.158732 0.0782592 370.107 -0.0672529 -0.0735713 0.99502 -17.2339
0.196711 -0.978881 -0.0556448 19.7488 0.977951 0.191833 0.0825367 370.769 -0.0701192 -0.0706538 0.995033 -17.2679
0.232301 -0.971447 -0.0482298 19.9343 0.969888 0.227628 0.0866184 371.381 -0.0731668 -0.066899 0.995073 -17.2988
0.268882 -0.962282 -0.0414226 20.1201 0.96024 0.264462 0.0894365 371.965 -0.0751084 -0.0638235 0.995131 -17.3312
0.30841 -0.950568 -0.0360994 20.313 0.948355 0.304289 0.0896208 372.568 -0.074206 -0.061875 0.995322 -17.3467
0.349855 -0.936211 -0.0333146 20.5181 0.934064 0.345893 0.0887809 373.107 -0.0715944 -0.0621784 0.995494 -17.3754
0.394702 -0.918291 -0.0308566 20.7961 0.916185 0.390816 0.0887024 373.664 -0.0693953 -0.0632814 0.99558 -17.409
0.440379 -0.897405 -0.0270109 21.0609 0.895262 0.436664 0.0884875 374.183 -0.0676145 -0.0631499 0.995711 -17.4372
0.48533 -0.874015 -0.0234982 21.4086 0.871884 0.481788 0.0877365 374.731 -0.0653619 -0.0630689 0.995867 -17.4832
0.528398 -0.848829 -0.0168522 21.6972 0.846792 0.525493 0.0824599 375.197 -0.0611387 -0.057842 0.996452 -17.4668
0.569583 -0.821728 -0.0184152 22.0459 0.820064 0.566634 0.0801265 375.644 -0.0554075 -0.0607403 0.996615 -17.516
0.611519 -0.791063 -0.0162344 22.4177 0.789449 0.608639 0.0795554 376.166 -0.0530525 -0.0614659 0.996698 -17.5396
0.649815 -0.75998 -0.0130885 22.7906 0.758236 0.646928 0.0810023 376.554 -0.0530928 -0.0625606 0.996628 -17.5531
0.686435 -0.727164 -0.00626556 23.2019 0.72505 0.683728 0.0825786 377.007 -0.0557643 -0.0612277 0.996565 -17.6109
0.72072 -0.693225 0.00142137 23.6287 0.690808 0.718375 0.0819867 377.357 -0.0578563 -0.0581076 0.996632 -17.5916
0.753076 -0.657928 0.00253968 24.1322 0.655517 0.750636 0.0827247 377.788 -0.0563333 -0.0606332 0.996569 -17.6317
0.783142 -0.621836 0.00280457 24.5595 0.619444 0.780509 0.0842262 378.118 -0.0545639 -0.0642238 0.996443 -17.6439
0.811929 -0.583742 0.00405753 25.0866 0.58141 0.80927 0.083931 378.459 -0.0522776 -0.0657869 0.996463 -17.6933
0.837376 -0.546565 0.0082619 25.6584 0.544378 0.835205 0.078008 378.832 -0.0495368 -0.0608245 0.996918 -17.6999
0.860134 -0.509989 0.00897523 26.1477 0.508148 0.858288 0.0716044 379.086 -0.0442208 -0.0570286 0.997393 -17.7179
0.881518 -0.472097 0.00711065 26.7431 0.470601 0.879744 0.0677194 379.399 -0.0382257 -0.0563496 0.997679 -17.7227
0.899584 -0.436727 0.00426438 27.2982 0.435516 0.897737 0.0662894 379.658 -0.0327787 -0.0577757 0.997791 -17.7646
0.915741 -0.401759 0.002845 27.9194 0.40074 0.913879 0.0650582 379.918 -0.0287377 -0.0584364 0.997877 -17.772
0.930696 -0.365783 0.00285376 28.5896 0.364793 0.928698 0.0666728 380.189 -0.027038 -0.061011 0.997771 -17.7859
0.943858 -0.330332 0.00350206 29.2147 0.329259 0.941547 0.0712533 380.408 -0.0268346 -0.0660999 0.997452 -17.8024
0.955495 -0.294989 0.00337042 29.9105 0.293932 0.952922 0.0744599 380.627 -0.0251766 -0.0701554 0.997218 -17.8372
0.964934 -0.262493 0.000401995 30.6148 0.261675 0.962047 0.0774086 380.799 -0.0207059 -0.074589 0.996999 -17.8241
0.972663 -0.232198 -0.00310214 31.3244 0.231705 0.969536 0.0794462 380.98 -0.0154397 -0.0779932 0.996834 -17.8344
0.978661 -0.205356 -0.00715017 32.081 0.205213 0.975022 0.0849679 381.188 -0.0104771 -0.0846221 0.996358 -17.8447
0.983123 -0.182731 -0.00884785 32.8254 0.182784 0.979073 0.0894736 381.342 -0.00768693 -0.0895808 0.99595 -17.847
0.986453 -0.163851 -0.00790857 33.6032 0.163862 0.981959 0.0943716 381.468 -0.00769704 -0.0943891 0.995506 -17.8547
0.989319 -0.145592 -0.00709604 34.442 0.145567 0.984274 0.100078 381.591 -0.00758606 -0.100042 0.994954 -17.8534
0.991691 -0.12848 -0.00649182 35.2458 0.128444 0.986083 0.105554 381.708 -0.00716005 -0.105511 0.994392 -17.8595
0.993902 -0.110124 -0.00561488 36.0828 0.110074 0.98787 0.10953 381.842 -0.00651511 -0.10948 0.993968 -17.8579
0.995631 -0.0932546 -0.00466611 36.9513 0.0931899 0.989343 0.111875 381.923 -0.00581648 -0.111821 0.993711 -17.8588
0.996997 -0.0773622 -0.00349664 37.8478 0.0772614 0.990594 0.112938 381.996 -0.00527339 -0.112869 0.993596 -17.856
0.997903 -0.0646752 -0.00245054 38.7335 0.0645409 0.991576 0.112299 382.062 -0.0048331 -0.112222 0.993671 -17.8513
0.998435 -0.0558897 -0.00207249 39.6453 0.0557769 0.99233 0.110316 382.118 -0.00410894 -0.110259 0.993894 -17.8459
0.998784 -0.049231 -0.0027604 40.5649 0.0492381 0.992809 0.109118 382.136 -0.00263142 -0.109121 0.994025 -17.842
0.99907 -0.0429561 -0.00371034 41.5054 0.0431035 0.993005 0.109927 382.198 -0.00103763 -0.109984 0.993933 -17.8416
0.999291 -0.0373842 -0.00443659 42.4597 0.0376456 0.993144 0.110673 382.26 0.000268728 -0.110762 0.993847 -17.8345
0.999491 -0.0316722 -0.00384879 43.4173 0.0319037 0.993313 0.110954 382.301 0.000308883 -0.111021 0.993818 -17.8321
0.999607 -0.0279457 -0.00199842 44.4148 0.0279974 0.993682 0.108687 382.328 -0.00105154 -0.1087 0.994074 -17.8166
0.99967 -0.0256657 0.000810862 45.4382 0.0254356 0.994055 0.105866 382.369 -0.00352316 -0.10581 0.99438 -17.8149
0.999699 -0.0242648 0.00352337 46.4232 0.0237591 0.994156 0.105302 382.371 -0.00605791 -0.105187 0.994434 -17.8
0.999738 -0.0220121 0.0063447 47.4452 0.0212405 0.994436 0.103176 382.427 -0.0085805 -0.103014 0.994643 -17.8026
0.999767 -0.0202046 0.00760656 48.4725 0.0193194 0.994547 0.102481 382.466 -0.00963567 -0.10231 0.994706 -17.8003
0.999807 -0.0181696 0.00751407 49.4714 0.0173021 0.994558 0.102739 382.472 -0.00933991 -0.102589 0.99468 -17.7901
0.999829 -0.0168806 0.00755748 50.4824 0.0160307 0.994748 0.101092 382.474 -0.00922428 -0.100953 0.994848 -17.789
0.99987 -0.0142668 0.00745008 51.4855 0.0134494 0.994882 0.100141 382.508 -0.00884064 -0.100028 0.994945 -17.7808
0.999907 -0.0115608 0.00719821 52.5024 0.0107814 0.994906 0.100228 382.533 -0.00832025 -0.100141 0.994939 -17.7793
0.999934 -0.00877916 0.00744374 53.5325 0.00799565 0.995011 0.0994451 382.53 -0.00827965 -0.099379 0.995015 -17.7643
0.999953 -0.00471553 0.00850981 54.5481 0.00385045 0.995085 0.0989542 382.536 -0.00893461 -0.0989168 0.995056 -17.7629
0.999944 -0.00300376 0.0101869 55.5578 0.00200777 0.99534 0.096409 382.526 -0.010429 -0.0963831 0.99529 -17.7627
0.999936 -0.00115946 0.0112733 56.5355 6.54938e-05 0.995327 0.09656 382.567 -0.0113326 -0.096553 0.995263 -17.7507
0.999936 0.000946702 0.0112296 57.5727 -0.00201291 0.995445 0.0953182 382.569 -0.0110882 -0.0953347 0.995384 -17.7534
0.999943 0.00261486 0.0103319 58.5675 -0.00359146 0.995407 0.0956658 382.559 -0.0100343 -0.0956975 0.99536 -17.7433
0.999942 0.0039745 0.0100366 59.5668 -0.00492238 0.995344 0.0962574 382.579 -0.00960735 -0.0963012 0.995306 -17.7314
0.999921 0.00586131 0.0111159 60.589 -0.00690973 0.995284 0.0967548 382.557 -0.0104964 -0.096824 0.995246 -17.733
0.99989 0.00771661 0.0126393 61.5592 -0.00890427 0.995266 0.0967782 382.562 -0.0118327 -0.0968801 0.995226 -17.7219
0.999868 0.00931671 0.0133417 62.5812 -0.0105546 0.995332 0.0959355 382.55 -0.0123856 -0.0960636 0.995298 -17.7174
0.99985 0.0109332 0.0134539 63.5259 -0.0121769 0.995295 0.0961257 382.56 -0.0123396 -0.0962751 0.995278 -17.7085
0.999822 0.0126274 0.0140026 64.4781 -0.0139119 0.995304 0.0957965 382.535 -0.0127272 -0.0959742 0.995302 -17.7024
0.999796 0.0141586 0.0144342 65.4652 -0.0154651 0.995373 0.094836 382.531 -0.0130247 -0.0950399 0.995388 -17.6975
0.999781 0.0151433 0.0144166 66.4005 -0.0164362 0.995413 0.0942485 382.531 -0.0129232 -0.0944649 0.995444 -17.7031
0.999764 0.0169559 0.0135484 67.3503 -0.0181724 0.995274 0.095386 382.523 -0.0118671 -0.0956097 0.995348 -17.6914
0.999754 0.0184739 0.0123095 68.2495 -0.0195763 0.995145 0.0964523 382.489 -0.0104679 -0.0966695 0.995261 -17.6953
0.99971 0.0214765 0.0109304 69.2084 -0.0224396 0.994998 0.0973393 382.507 -0.00878521 -0.0975563 0.995191 -17.6779
0.999652 0.0239256 0.0110762 70.0767 -0.0249 0.994842 0.0983348 382.487 -0.00866631 -0.0985764 0.995092 -17.6726
0.999557 0.0272539 0.011945 70.9692 -0.0283091 0.994631 0.0995356 382.477 -0.00916812 -0.0998297 0.994962 -17.6682
0.999458 0.0301906 0.0131425 71.8513 -0.031339 0.994657 0.0983589 382.443 -0.0101027 -0.0987174 0.995064 -17.6629
0.999283 0.035359 0.0135287 72.7268 -0.0365252 0.994436 0.0988061 382.414 -0.00995976 -0.0992294 0.995015 -17.6505
0.999065 0.0409722 0.0137636 73.5758 -0.0421417 0.994139 0.0995614 382.371 -0.00960364 -0.100048 0.994936 -17.6466
0.998722 0.0483396 0.0147287 74.431 -0.0495816 0.993671 0.100795 382.355 -0.00976308 -0.101397 0.994798 -17.6358
0.998166 0.0583387 0.0161634 75.2032 -0.0596861 0.993011 0.101821 382.314 -0.0101103 -0.102599 0.994671 -17.6322
0.997396 0.0701891 0.0165939 76.0306 -0.0715377 0.992024 0.103782 382.275 -0.00917714 -0.104699 0.994462 -17.6302
0.996348 0.0837177 0.0168056 76.863 -0.0850204 0.990895 0.104401 382.211 -0.00791239 -0.105449 0.994393 -17.6165
0.994818 0.100299 0.0166364 77.6726 -0.101497 0.989281 0.104983 382.149 -0.00592827 -0.106128 0.994335 -17.6036
0.992734 0.119068 0.0173523 78.4373 -0.120239 0.987124 0.105492 382.061 -0.0045681 -0.106812 0.994269 -17.5974
0.990019 0.139511 0.0199604 79.1715 -0.140835 0.98462 0.103391 381.979 -0.00522928 -0.10517 0.994441 -17.5907
0.986488 0.162219 0.0229403 79.9424 -0.163689 0.981779 0.0965142 381.821 -0.00686589 -0.0989652 0.995067 -17.5873
0.982062 0.187049 0.0238241 80.6306 -0.188434 0.978163 0.0876858 381.696 -0.0069023 -0.0906021 0.995863 -17.5674
0.976785 0.21305 0.0223948 81.3111 -0.214176 0.973423 0.0810915 381.52 -0.00452313 -0.0840053 0.996455 -17.5551
0.970106 0.241954 0.0187605 82.0408 -0.24268 0.967249 0.0744023 381.339 -0.000144123 -0.0767309 0.997052 -17.5357
0.962398 0.27125 0.014594 82.7518 -0.27162 0.960242 0.0644862 381.124 0.00347805 -0.0660254 0.997812 -17.514
0.953009 0.302705 0.011981 83.3892 -0.302891 0.951383 0.055922 380.887 0.00552931 -0.0569231 0.998363 -17.4959
0.941934 0.335634 0.0104524 84.0217 -0.335734 0.940698 0.0486853 380.648 0.00650793 -0.0493675 0.998759 -17.4727
0.92947 0.368777 0.00940764 84.6569 -0.368838 0.928566 0.0415156 380.398 0.00657438 -0.0420574 0.999094 -17.4666
0.915038 0.403293 0.00776488 85.2703 -0.403289 0.914309 0.0373894 380.115 0.0079794 -0.0373442 0.999271 -17.435
0.898779 0.438339 0.00737623 85.8347 -0.438293 0.898055 0.0373701 379.839 0.00975653 -0.0368204 0.999274 -17.4298
0.880018 0.474884 0.00727356 86.3867 -0.474807 0.879307 0.0371202 379.511 0.0112321 -0.03612 0.999284 -17.414
0.859118 0.511731 0.00687373 86.9316 -0.511563 0.858292 0.0404671 379.214 0.0148086 -0.0382823 0.999157 -17.39
0.834213 0.551432 0.00352718 87.4572 -0.55099 0.83325 0.0458722 378.885 0.0223564 -0.0402106 0.998941 -17.386
0.805595 0.592466 0.000978007 87.9334 -0.591875 0.804715 0.0460299 378.463 0.0264841 -0.0376603 0.99894 -17.3201
0.773511 0.633781 -0.00152904 88.4078 -0.633073 0.772756 0.0454695 378.07 0.0299993 -0.0342032 0.998965 -17.3342
0.739199 0.673477 -0.00371686 88.8681 -0.672732 0.73862 0.0432714 377.614 0.0318876 -0.0294857 0.999056 -17.2611
0.702878 0.711297 -0.00449369 89.3138 -0.710497 0.702362 0.0433716 377.214 0.0340063 -0.0272922 0.999049 -17.2524
0.665225 0.746634 -0.00373957 89.7367 -0.745838 0.664732 0.0430952 376.725 0.0346622 -0.0258789 0.999064 -17.221
0.625901 0.779899 -0.00220766 90.0579 -0.779016 0.625322 0.0458914 376.289 0.0371711 -0.0270036 0.998944 -17.2161
0.585325 0.810797 -0.00186726 90.4163 -0.809838 0.584742 0.0473195 375.805 0.0394584 -0.0261851 0.998878 -17.1535
0.54371 0.839272 -0.00102992 90.7677 -0.838172 0.543059 0.050543 375.238 0.0429787 -0.0266175 0.998721 -17.1514
