1 0 0 0 0 1 0 0 0 0 1 0
0.999995 -0.00266927 -0.00147719 0.704773 0.0026665 0.999995 -0.00187853 0.00641847 0.00148219 0.00187459 0.999997 0.0414724
0.999973 -0.00690862 -0.00235385 1.39089 0.00690526 0.999975 -0.00143262 0.0049977 0.00236369 0.00141633 0.999996 0.0240596
0.999932 -0.0109723 -0.00390248 2.11678 0.0109664 0.999939 -0.00152826 0.017137 0.00391901 0.00148536 0.999991 0.0287125
0.99986 -0.0159588 -0.00500148 2.8706 0.0159591 0.999873 1.84471e-05 0.0343093 0.00500055 -9.82635e-05 0.999987 0.0305158
0.999781 -0.0203485 -0.00493767 3.59869 0.0203465 0.999793 -0.000448841 0.0414132 0.00494578 0.000348279 0.999988 0.0383586
0.999676 -0.0247906 -0.0057224 4.35981 0.0247951 0.999692 0.000704427 0.0736661 0.00570317 -0.000846086 0.999983 0.0481197
0.999531 -0.0299971 -0.00619371 5.14186 0.0300193 0.999543 0.00351423 0.10515 0.00608546 -0.00369851 0.999975 0.05757
0.999397 -0.0342756 -0.00555439 5.92284 0.0343085 0.999394 0.00594236 0.133245 0.00534734 -0.00612934 0.999967 0.0642122
0.999248 -0.038656 -0.00289881 6.70899 0.0386738 0.999232 0.00635157 0.162584 0.00265106 -0.0064589 0.999976 0.0724967
0.99913 -0.0417016 -0.000451258 7.52733 0.0417033 0.999119 0.00473934 0.220764 0.000253222 -0.00475403 0.999989 0.073054
0.99902 -0.044247 -0.000631096 8.36658 0.0442493 0.999011 0.00442648 0.257938 0.000434613 -0.00445007 0.99999 0.0837056
0.998916 -0.0465283 -0.000995439 9.15318 0.0465315 0.998911 0.00352143 0.301499 0.000830508 -0.00356394 0.999993 0.0722925
0.998827 -0.0484025 -0.00112652 10.006 0.0484051 0.998825 0.00238353 0.339193 0.00100983 -0.00243527 0.999997 0.095215
0.998714 -0.0507044 -0.000525911 10.8405 0.0507054 0.998711 0.00210331 0.387389 0.000418587 -0.00212727 0.999998 0.0964456
0.998648 -0.051979 -0.00036576 11.7155 0.0519783 0.998647 -0.00165477 0.421292 0.000451279 0.00163352 0.999999 0.0944974
0.998551 -0.0537623 -0.00238885 12.5774 0.0537653 0.998553 0.00121284 0.482458 0.00232019 -0.00133952 0.999996 0.103014
0.998453 -0.0553756 -0.00504015 13.4483 0.0553932 0.998459 0.00342065 0.524805 0.00484296 -0.00369454 0.999981 0.115859
0.998366 -0.0567394 -0.00672933 14.3233 0.0567853 0.998363 0.00683644 0.603548 0.00633042 -0.0072074 0.999954 0.117649
0.998302 -0.0578757 -0.00666121 15.2207 0.0579253 0.998293 0.00751913 0.663182 0.00621466 -0.00789221 0.99995 0.12469
0.998206 -0.059635 -0.00537458 16.122 0.0596722 0.998193 0.00705651 0.695659 0.00494406 -0.00736456 0.999961 0.138009
0.998154 -0.0606053 -0.00404527 17.0275 0.060631 0.998139 0.00658031 0.765288 0.00363894 -0.00681343 0.99997 0.155542
0.998075 -0.0619374 -0.00325678 17.9239 0.061959 0.998054 0.00702702 0.817154 0.0028152 -0.00721528 0.99997 0.167394
0.997996 -0.0631306 -0.00427813 18.8274 0.063157 0.997983 0.00635324 0.89453 0.00386842 -0.0066107 0.999971 0.16563
0.997932 -0.0641348 -0.00421049 19.7586 0.0641608 0.997919 0.00636271 0.959417 0.00379365 -0.0066197 0.999971 0.17272
0.997891 -0.0648437 -0.00281188 20.6842 0.0648594 0.997877 0.00590709 1.01835 0.00242288 -0.00607701 0.999979 0.187467
0.997874 -0.0651724 0.00043529 21.6264 0.0651683 0.997854 0.00642172 1.07114 -0.000852875 -0.0063797 0.999979 0.187839
0.997921 -0.0642887 0.00453473 22.5404 0.0642596 0.997913 0.00630041 1.14728 -0.00493031 -0.00599592 0.99997 0.187524
0.997993 -0.06289 0.00738694 23.493 0.0628456 0.998005 0.00609577 1.18829 -0.00775556 -0.0056193 0.999954 0.200818
0.998101 -0.0610214 0.00846582 24.4147 0.0609855 0.998129 0.00444403 1.24851 -0.00872116 -0.00391929 0.999954 0.190028
0.998216 -0.05942 0.00589711 25.3886 0.0593868 0.998219 0.0056564 1.3314 -0.00622272 -0.00529609 0.999967 0.197074
0.998285 -0.0585261 0.00147342 26.338 0.058508 0.998235 0.010227 1.40153 -0.00206936 -0.0101232 0.999947 0.212051
0.998335 -0.0576622 -0.00178942 27.2821 0.0576791 0.998268 0.01158 1.43437 0.0011186 -0.0116639 0.999931 0.219769
0.998382 -0.0568627 -0.000727409 28.2545 0.0568669 0.998343 0.00875404 1.49709 0.000228426 -0.00878124 0.999961 0.23617
0.998389 -0.0565705 0.00441756 29.2267 0.0565539 0.998392 0.00380426 1.56992 -0.00462567 -0.0035483 0.999983 0.217416
0.998303 -0.0576139 0.00848839 30.2046 0.0576416 0.998333 -0.00305361 1.62061 -0.0082983 0.00353771 0.999959 0.215281
0.998247 -0.0585673 0.0085339 31.1717 0.058662 0.998214 -0.0113002 1.67229 -0.00785684 0.011781 0.9999 0.221609
0.998203 -0.0597252 0.00488563 32.169 0.0597702 0.998165 -0.00966669 1.72281 -0.00429932 0.00994133 0.999941 0.228872
0.99812 -0.0612774 0.0014289 33.1342 0.0612866 0.998091 -0.00763672 1.78408 -0.000958218 0.00770993 0.99997 0.246966
0.998001 -0.0631913 0.000338182 34.1177 0.0631921 0.997982 -0.00629526 1.84493 6.03065e-05 0.00630405 0.99998 0.240573
0.997939 -0.0641338 0.00205292 35.1473 0.064151 0.997891 -0.00987942 1.91212 -0.00141499 0.00999076 0.999949 0.253072
0.99785 -0.0653815 0.0046276 36.152 0.0654234 0.997812 -0.00958539 2.00929 -0.00399076 0.00986753 0.999943 0.241494
0.997784 -0.0663095 0.00553418 37.1807 0.0663252 0.997794 -0.00268702 2.08159 -0.0053438 0.00304812 0.999981 0.264405
0.997657 -0.0678581 0.0086744 38.1369 0.0679159 0.99767 -0.00655608 2.13629 -0.0082093 0.00712985 0.999941 0.250098
0.997646 -0.0675288 0.0119236 39.1662 0.0675839 0.997704 -0.00427872 2.20019 -0.0116073 0.00507449 0.99992 0.263281
0.997574 -0.0682413 0.0137443 40.171 0.0682559 0.997668 -0.000589748 2.2823 -0.013672 0.00152645 0.999905 0.245562
0.9976 -0.0679006 0.0135217 41.1535 0.0679058 0.997692 7.3693e-05 2.36761 -0.0134955 0.000844688 0.999909 0.255669
0.997622 -0.0678823 0.0118977 42.1466 0.0678779 0.997693 0.000779169 2.434 -0.0119232 3.02752e-05 0.999929 0.258065
0.997663 -0.0676638 0.00953897 43.1631 0.0676178 0.997698 0.00506957 2.5231 -0.00986004 -0.00441271 0.999942 0.259304
0.997558 -0.0691672 0.0097381 44.1352 0.0691255 0.997598 0.00455964 2.57591 -0.0100301 -0.00387535 0.999942 0.254793
0.997461 -0.070321 0.0112276 45.1608 0.0703149 0.997524 0.000943132 2.65181 -0.0112662 -0.000151269 0.999937 0.258931
0.997421 -0.0707398 0.0121387 46.1241 0.0707387 0.997495 0.000517109 2.72904 -0.0121449 0.0003429 0.999926 0.243302
0.99742 -0.0711274 0.00968577 47.0941 0.0711091 0.997466 0.00222753 2.82504 -0.00981966 -0.00153304 0.999951 0.254185
0.997407 -0.0718284 0.00454649 48.1023 0.0718011 0.997402 0.00589301 2.90137 -0.00495796 -0.00555128 0.999972 0.25886
0.997388 -0.0721315 0.00381389 49.0665 0.0721061 0.997376 0.0064441 2.97652 -0.00426871 -0.00615226 0.999972 0.271805
0.997317 -0.0729144 0.00657452 50.0322 0.0728775 0.997325 0.00568212 3.02017 -0.00697124 -0.00518774 0.999962 0.261843
0.997298 -0.0727125 0.010496 51.0093 0.0726902 0.997351 0.00248567 3.10347 -0.010649 -0.00171599 0.999942 0.281116
0.997233 -0.0735203 0.011026 51.9857 0.0735072 0.997293 0.00158372 3.17688 -0.0111126 -0.000768848 0.999938 0.270508
0.997276 -0.0729758 0.0107392 52.9321 0.0729833 0.997333 -0.000303602 3.24469 -0.0106884 0.00108656 0.999942 0.271242
0.99725 -0.0734855 0.00962641 53.9055 0.0735267 0.997285 -0.00399744 3.30525 -0.00930652 0.00469425 0.999946 0.282597
0.99713 -0.07496 0.0105981 54.8599 0.0750077 0.997174 -0.00417519 3.38168 -0.0102552 0.00495815 0.999935 0.278429
0.997059 -0.0751522 0.0150222 55.8006 0.075271 0.997135 -0.00750325 3.46311 -0.0144153 0.00861192 0.999859 0.280903
0.996876 -0.0762823 0.0204743 56.7597 0.0765133 0.997011 -0.0107453 3.53067 -0.0195934 0.0122783 0.999733 0.276507
0.996787 -0.0769137 0.0223581 57.7252 0.0771322 0.99698 -0.00908 3.59504 -0.0215922 0.0107754 0.999709 0.262819
0.996751 -0.0782255 0.0192135 58.6917 0.0783927 0.99689 -0.00810532 3.67764 -0.0185197 0.00958518 0.999783 0.26164
0.996733 -0.0799301 0.0115703 59.5644 0.080016 0.996768 -0.00716191 3.75863 -0.0109605 0.00806433 0.999907 0.259277
0.996713 -0.0807565 0.00644617 60.4751 0.0807925 0.996716 -0.00553057 3.82713 -0.00597836 0.0060332 0.999964 0.263228
0.996653 -0.0814665 0.00672183 61.3699 0.0814711 0.996676 -0.000404233 3.92725 -0.00666655 0.000950514 0.999977 0.25696
0.996561 -0.082342 0.00926123 62.2673 0.0823309 0.996604 0.0015743 4.02854 -0.0093594 -0.000806398 0.999956 0.261439
0.996434 -0.0837095 0.0105891 63.1543 0.0837094 0.99649 0.000452645 4.09697 -0.0105898 0.000435373 0.999944 0.255355
0.996353 -0.0847315 0.0100832 64.0309 0.084691 0.996398 0.00437458 4.18349 -0.0104176 -0.00350467 0.99994 0.273376
0.996236 -0.0859975 0.0108948 64.8791 0.085952 0.996289 0.00457699 4.26942 -0.011248 -0.00362334 0.99993 0.265747
0.99609 -0.0875779 0.0115939 65.7227 0.0875267 0.99615 0.0048529 4.34551 -0.0119743 -0.00381915 0.999921 0.27375
0.995964 -0.0889778 0.0117683 66.5695 0.0889023 0.996017 0.00679 4.41771 -0.0123256 -0.00571637 0.999908 0.280227
0.995833 -0.0902659 0.0129552 67.3742 0.0902036 0.995909 0.00530984 4.49895 -0.0133815 -0.00411911 0.999902 0.270354
0.995663 -0.0917731 0.0152556 68.1672 0.0916396 0.995749 0.00923244 4.56655 -0.016038 -0.00779438 0.999841 0.276892
0.995486 -0.0928717 0.0195642 68.9351 0.0927068 0.995651 0.00917574 4.64747 -0.0203312 -0.00732059 0.999766 0.262993
0.995299 -0.0944416 0.0214536 69.6782 0.0941961 0.995479 0.0121797 4.71098 -0.0225069 -0.0101016 0.999696 0.267263
0.995251 -0.0957193 0.0177142 70.4381 0.0954796 0.995334 0.0139163 4.82136 -0.0189636 -0.0121588 0.999746 0.272609
0.995228 -0.0970388 0.0101871 71.173 0.0968722 0.995172 0.0157399 4.897 -0.0116653 -0.0146779 0.999824 0.259034
0.995142 -0.0983552 0.004321 71.9274 0.09828 0.995044 0.0150843 4.97355 -0.00578321 -0.0145864 0.999877 0.268887
0.995092 -0.09891 0.00291607 72.6184 0.0988438 0.994946 0.0176518 5.04118 -0.00464727 -0.0172769 0.99984 0.272296
0.994968 -0.0999832 0.00649151 73.2826 0.0998574 0.994849 0.0174472 5.11256 -0.00820249 -0.0167112 0.999827 0.273534
0.994862 -0.100843 0.00893293 73.9224 0.100677 0.994767 0.0174061 5.19565 -0.0106415 -0.0164173 0.999809 0.283258
0.99479 -0.101753 0.0062057 74.5738 0.101645 0.994696 0.015739 5.26038 -0.00777428 -0.0150262 0.999857 0.293634
0.994801 -0.101814 0.00220825 75.1682 0.101794 0.994777 0.00754096 5.31745 -0.00296449 -0.00727697 0.999969 0.297902
0.994912 -0.100711 -0.0026643 75.7727 0.100724 0.994899 0.00551834 5.37339 0.00209495 -0.00575862 0.999981 0.299716
0.995201 -0.0978089 -0.00284249 76.3437 0.0978278 0.995175 0.00749449 5.42207 0.00209574 -0.0077366 0.999968 0.308789
0.995614 -0.0935536 -0.00103368 76.9101 0.093559 0.995526 0.0132186 5.48554 -0.000207594 -0.0132573 0.999912 0.311864
0.996038 -0.0888987 0.00248526 77.4656 0.088866 0.995982 0.0111165 5.55145 -0.00346351 -0.0108516 0.999935 0.323902
0.996473 -0.0835843 0.00743977 78.0246 0.083534 0.996482 0.00682832 5.58361 -0.00798434 -0.00618276 0.999949 0.322816
0.997093 -0.0753397 0.011401 78.5424 0.0753123 0.997156 0.00281452 5.61191 -0.0115806 -0.0019477 0.999931 0.338861
0.997844 -0.0646965 0.0110595 79.0481 0.0646324 0.997891 0.0060597 5.65755 -0.0114282 -0.00533183 0.99992 0.339746
0.998708 -0.0496243 0.01093 79.5669 0.049508 0.998717 0.0106693 5.68751 -0.0114454 -0.0101144 0.999883 0.339695
0.999442 -0.0314812 0.0111623 80.0911 0.0312999 0.999381 0.0160598 5.72277 -0.011661 -0.0157015 0.999809 0.335199
0.99988 -0.00947334 0.0122458 80.5414 0.00928872 0.999844 0.0150465 5.71803 -0.0123864 -0.014931 0.999812 0.332208
0.999769 0.0164587 0.013819 81.0137 -0.0166252 0.999789 0.0120234 5.68574 -0.0136182 -0.0122504 0.999832 0.345541
0.99883 0.045755 0.0156777 81.4564 -0.0459247 0.998888 0.0106461 5.64609 -0.0151731 -0.0113536 0.99982 0.339623
0.996717 0.078971 0.0178568 81.9084 -0.0791677 0.996805 0.0105891 5.60361 -0.0169635 -0.0119681 0.999784 0.342071
0.99302 0.1164 0.0190379 82.3956 -0.116609 0.993124 0.0103077 5.54235 -0.0177072 -0.0124557 0.999766 0.342295
0.987241 0.158024 0.0195839 82.7679 -0.158245 0.987346 0.0103097 5.49596 -0.0177069 -0.0132772 0.999755 0.331528
0.97899 0.202908 0.0201896 83.2027 -0.203132 0.979103 0.00974166 5.37781 -0.017791 -0.0136381 0.999749 0.333979
0.967602 0.251694 0.0199047 83.6358 -0.251952 0.96767 0.0116684 5.25121 -0.0163243 -0.0163054 0.999734 0.333659
0.952347 0.304438 0.0187706 83.9863 -0.304682 0.952381 0.0118239 5.12492 -0.0142771 -0.0169795 0.999754 0.337979
0.932991 0.359461 0.0177914 84.4345 -0.3597 0.932981 0.0127288 4.93186 -0.0120235 -0.0182754 0.999761 0.341122
0.90895 0.416538 0.0174648 84.723 -0.416774 0.908915 0.0131233 4.77122 -0.0104077 -0.0192073 0.999761 0.350005
0.880216 0.474279 0.0167309 85.0748 -0.474497 0.88016 0.013075 4.54573 -0.00852466 -0.0194476 0.999775 0.322749
0.847371 0.530799 0.0146594 85.4688 -0.530964 0.847316 0.0115191 4.27933 -0.00630682 -0.0175445 0.999826 0.35061
0.810818 0.585133 0.0139302 85.6911 -0.585277 0.810764 0.0106466 4.06756 -0.00506447 -0.0167855 0.999846 0.337382
0.771218 0.636386 0.0153493 86.0288 -0.636543 0.771185 0.00927864 3.74967 -0.00593233 -0.0169263 0.999839 0.357152
0.728825 0.684473 0.0176032 86.2359 -0.684665 0.728806 0.00867565 3.50269 -0.00689108 -0.0183753 0.999807 0.340906
0.683952 0.729278 0.0190533 86.4839 -0.729482 0.683965 0.00685314 3.21553 -0.00803392 -0.0185862 0.999795 0.337637
0.63717 0.770542 0.0166755 86.7777 -0.770696 0.637179 0.00549575 2.8646 -0.00639054 -0.0163534 0.999846 0.340158
0.590855 0.806674 0.0129431 86.8817 -0.806758 0.590876 0.00253104 2.57502 -0.00560604 -0.0119374 0.999913 0.379538
0.543856 0.839059 0.0141301 87.1305 -0.839166 0.543863 0.00372026 2.23361 -0.00456332 -0.0138808 0.999893 0.364443
0.496885 0.86766 0.0164682 87.2539 -0.867812 0.496852 0.00631034 1.92911 -0.00270701 -0.0174268 0.999844 0.355383
0.451184 0.892261 0.0174047 87.3986 -0.892431 0.45111 0.00818519 1.5831 -0.000548102 -0.0192255 0.999815 0.360773
0.408433 0.912713 0.0117307 87.5939 -0.912789 0.408397 0.00539482 1.20782 0.000133158 -0.012911 0.999917 0.340161
0.36918 0.929358 0.000439519 87.6268 -0.929354 0.36918 -0.00272423 0.868759 -0.00269405 0.000597264 0.999996 0.378799
0.33347 0.942754 -0.00347938 87.7183 -0.942745 0.333441 -0.00697217 0.521184 -0.00541287 0.00560518 0.99997 0.38234
0.300318 0.953838 -0.00135266 87.8534 -0.953834 0.300311 -0.00376792 0.112696 -0.00318776 0.00242178 0.999992 0.397346
0.269316 0.963027 0.00685462 87.9392 -0.96305 0.269294 0.00405648 -0.219433 0.00206059 -0.00769381 0.999968 0.378804
0.241012 0.970448 0.0119939 88.0571 -0.970506 0.240918 0.00877492 -0.613891 0.00562604 -0.0137551 0.99989 0.379598
0.214627 0.976639 0.0105504 88.1401 -0.976666 0.214523 0.0101945 -1.00251 0.00769305 -0.0124922 0.999892 0.388508
0.191262 0.981532 0.00376022 88.174 -0.981491 0.191214 0.0106209 -1.37966 0.00970572 -0.00572199 0.999937 0.402937
0.170845 0.985292 -0.00336068 88.2478 -0.985164 0.170877 0.015873 -1.80221 0.0162138 0.000598985 0.999868 0.410239
0.150725 0.988563 -0.00510764 88.3111 -0.98828 0.150804 0.0236929 -2.24128 0.0241921 0.00147668 0.999706 0.402823
0.133022 0.99111 -0.00266303 88.3825 -0.990809 0.133047 0.0244192 -2.658 0.0245564 -0.000609736 0.999698 0.414541
0.11761 0.993059 -0.00110279 88.4332 -0.99286 0.117609 0.0199059 -3.10333 0.0198975 -0.00124622 0.999801 0.422064
0.102842 0.994698 -0.000101647 88.4707 -0.994563 0.10283 0.0164423 -3.61388 0.0163656 -0.00158987 0.999865 0.442714
0.0899222 0.995948 -0.000772015 88.5033 -0.995851 0.0899242 0.0139371 -4.07486 0.01395 -0.00048444 0.999903 0.445095
0.0780663 0.996935 -0.00517913 88.5386 -0.996861 0.0781271 0.0128137 -4.55976 0.0131791 0.00416256 0.999904 0.459795
0.0680446 0.997645 -0.0086313 88.5477 -0.997587 0.0681549 0.0131947 -5.07791 0.0137519 0.00771265 0.999876 0.474205
0.0599092 0.998166 -0.00869737 88.5858 -0.998099 0.0600268 0.0139677 -5.62132 0.0144642 0.00784405 0.999865 0.479706
0.0538248 0.998484 -0.0115287 88.622 -0.998442 0.0539853 0.0140941 -6.16278 0.0146951 0.0107521 0.999834 0.487533
0.0481443 0.998772 -0.0116568 88.6627 -0.998727 0.0483115 0.014518 -6.7061 0.0150633 0.010943 0.999827 0.500876
0.0424009 0.999024 -0.0123731 88.6785 -0.998974 0.0425897 0.0154167 -7.30716 0.0159286 0.0117067 0.999805 0.507346
0.0377819 0.999179 -0.0146506 88.6954 -0.999152 0.0380129 0.0158227 -7.90799 0.0163666 0.0140404 0.999767 0.513277
0.0348523 0.99928 -0.0149648 88.7169 -0.999268 0.0350801 0.0152363 -8.51695 0.0157503 0.0144229 0.999772 0.529785
0.031975 0.999354 -0.0163775 88.7217 -0.999374 0.0322152 0.0146205 -9.17187 0.0151387 0.0158998 0.999759 0.543201
0.0290164 0.99938 -0.0199258 88.7496 -0.999467 0.0293057 0.0143864 -9.82782 0.0149615 0.0194977 0.999698 0.544799
0.0282532 0.999318 -0.0237644 88.7725 -0.999498 0.0285829 0.0136484 -10.5126 0.0143184 0.0233669 0.999624 0.566814
0.0292904 0.999196 -0.0273809 88.7855 -0.999469 0.0296669 0.0134456 -11.2157 0.014247 0.0269725 0.999535 0.570619
0.0315899 0.9991 -0.028324 88.7916 -0.999399 0.0319786 0.013377 -11.8982 0.0142707 0.0278844 0.999509 0.584548
0.0351589 0.998953 -0.029269 88.8155 -0.999283 0.0355526 0.0130399 -12.6296 0.0140668 0.0287896 0.999487 0.601109
0.0397421 0.99875 -0.0303018 88.85 -0.999113 0.0401433 0.0127512 -13.4072 0.0139517 0.0297681 0.999459 0.613355
0.0434374 0.998538 -0.0321594 88.8698 -0.998979 0.0438106 0.0109933 -14.1244 0.0123862 0.0316491 0.999422 0.61817
0.0479786 0.998304 -0.0329637 88.9132 -0.998789 0.0483091 0.00930237 -14.9107 0.010879 0.0324774 0.999413 0.640701
0.0519182 0.998186 -0.0304971 88.9639 -0.998607 0.0521793 0.00782852 -15.6866 0.00940564 0.0300482 0.999504 0.633108
0.0560757 0.997945 -0.0310159 89.0081 -0.998396 0.0562909 0.00610645 -16.4891 0.00783981 0.0306237 0.9995 0.645682
0.0599907 0.997861 -0.0259808 89.0586 -0.99816 0.0601971 0.0072326 -17.3014 0.0087811 0.0254992 0.999636 0.648317
0.06382 0.997676 -0.0238678 89.135 -0.997884 0.0640939 0.0108899 -18.0853 0.0123943 0.0231223 0.999656 0.675822
0.0649157 0.997685 -0.020279 89.2191 -0.997734 0.0652524 0.0164072 -18.9368 0.0176925 0.019168 0.99966 0.681257
0.0646139 0.997764 -0.0171131 89.2506 -0.997711 0.064934 0.0188558 -19.7401 0.0199248 0.0158556 0.999676 0.709747
0.0652969 0.997803 -0.0112364 89.3145 -0.997679 0.0654986 0.0186331 -20.579 0.0193281 0.00999359 0.999763 0.727917
0.0653304 0.997829 -0.00827537 89.3732 -0.997712 0.0654627 0.0168674 -21.4033 0.0173726 0.00715448 0.999823 0.744669
0.0648487 0.997866 -0.0075568 89.4144 -0.997765 0.0649607 0.0156591 -22.2308 0.0161166 0.00652444 0.999849 0.770332
0.0653943 0.997838 -0.00654242 89.4857 -0.997745 0.0654849 0.0147455 -23.0458 0.015142 0.00556339 0.99987 0.784217
0.0657025 0.997808 -0.00784934 89.5551 -0.997718 0.0658152 0.0150951 -23.8557 0.0155786 0.00683965 0.999855 0.805726
0.0655447 0.997846 -0.00271817 89.6091 -0.99773 0.0655788 0.0152924 -24.6934 0.0154377 0.00170966 0.999879 0.834487
0.065134 0.997874 -0.00242313 89.6543 -0.997734 0.0651655 0.0167425 -25.483 0.0168648 0.00132713 0.999857 0.853913
0.0622342 0.99806 0.00198797 89.7368 -0.997929 0.0621934 0.0163995 -26.3334 0.016244 -0.00300446 0.999864 0.875728
0.0586633 0.998273 0.00307145 89.7959 -0.998165 0.0586102 0.0151889 -27.1423 0.0149826 -0.00395684 0.99988 0.898191
0.0533529 0.998574 0.00187208 89.8431 -0.998491 0.0533238 0.0131557 -27.9327 0.0130371 -0.00257115 0.999912 0.922003
0.0473022 0.99887 0.00453963 89.9052 -0.998823 0.0472504 0.0109116 -28.7619 0.0106847 -0.00505043 0.99993 0.94493
0.0397795 0.999195 0.0052227 89.9425 -0.999155 0.0397227 0.0105498 -29.6004 0.0103338 -0.00563795 0.999931 0.967509
0.0305251 0.999521 0.00506574 89.9671 -0.999473 0.0304671 0.0111571 -30.3914 0.0109974 -0.00540364 0.999925 0.981571
0.021222 0.999763 0.00491898 90 -0.999711 0.0211648 0.0113952 -31.2008 0.0112884 -0.00515938 0.999923 1.00177
0.0105719 0.999934 0.00451253 89.9938 -0.999892 0.0105252 0.0102383 -31.9892 0.0101902 -0.00462028 0.999937 1.01795
0.000103505 0.999988 0.0049007 89.9935 -0.999952 5.55716e-05 0.00977996 -32.7973 0.00977957 -0.00490147 0.99994 1.03556
-0.0110269 0.999928 0.00464287 90.0139 -0.999904 -0.0110656 0.00838948 -33.5979 0.00844025 -0.00454991 0.999954 1.052
-0.0218572 0.999751 0.00441319 89.9719 -0.999725 -0.0218937 0.00839984 -34.3787 0.00849437 -0.00422838 0.999955 1.06857
-0.0331101 0.99944 0.00492816 89.9511 -0.999412 -0.0331522 0.00870481 -35.1792 0.00886331 -0.00463705 0.99995 1.09204
-0.0430076 0.99906 0.00550396 89.8992 -0.999025 -0.0430597 0.00971931 -35.9142 0.00994717 -0.00508059 0.999938 1.09778
-0.0535102 0.998547 0.00641936 89.8879 -0.998511 -0.0535746 0.0103196 -36.677 0.0106485 -0.00585759 0.999926 1.1227
-0.0631614 0.997989 0.00527668 89.8381 -0.997939 -0.0632162 0.0109767 -37.4379 0.0112882 -0.0045725 0.999926 1.13737
-0.0728558 0.997333 0.0042735 89.7966 -0.997272 -0.0729009 0.0115597 -38.1695 0.0118404 -0.00341965 0.999924 1.14735
-0.0821864 0.996605 0.00483751 89.7255 -0.996547 -0.0822372 0.0114566 -38.9265 0.0118155 -0.00387923 0.999923 1.1701
-0.0904644 0.995896 0.00278428 89.6268 -0.995834 -0.0904902 0.0112156 -39.6616 0.0114215 -0.00175807 0.999933 1.18403
-0.0986789 0.995115 0.00302737 89.5933 -0.99507 -0.0987038 0.00967501 -40.4358 0.00992656 -0.00205773 0.999949 1.19816
-0.104449 0.99453 0.00029671 89.5169 -0.994495 -0.104447 0.00837146 -41.135 0.00835666 0.000579309 0.999965 1.2184
-0.107929 0.994154 -0.00289406 89.4356 -0.99414 -0.107908 0.00651564 -41.8559 0.00616525 0.00358033 0.999975 1.22907
-0.110718 0.993813 -0.00877328 89.3659 -0.993841 -0.11067 0.00571033 -42.5333 0.00470406 0.00935148 0.999945 1.24953
-0.112268 0.993644 -0.00818539 89.2822 -0.993668 -0.112227 0.00532821 -43.2487 0.00437572 0.00873175 0.999952 1.25834
-0.112322 0.993646 -0.00717957 89.1883 -0.993662 -0.112287 0.00514525 -43.8902 0.00430639 0.00771199 0.999961 1.27079
-0.111876 0.993696 -0.0071856 89.1232 -0.99371 -0.111836 0.00574407 -44.5451 0.00490425 0.00778303 0.999958 1.288
-0.108853 0.994025 -0.00808861 89.0429 -0.994038 -0.108796 0.00715289 -45.2055 0.00623014 0.008819 0.999942 1.30192
-0.103624 0.994573 -0.00926397 88.9641 -0.99459 -0.103549 0.00821498 -45.8264 0.00721113 0.0100651 0.999923 1.31117
-0.0962778 0.995319 -0.00840314 88.9229 -0.995322 -0.0962032 0.00887464 -46.4116 0.00802469 0.00921826 0.999925 1.31823
-0.0851765 0.996337 -0.00758629 88.8907 -0.996333 -0.0851099 0.00871858 -46.9917 0.00804097 0.0083011 0.999933 1.33309
-0.0712406 0.997435 -0.00697324 88.836 -0.997422 -0.0711758 0.00913963 -47.5985 0.00861986 0.00760637 0.999934 1.35494
-0.0548491 0.998477 -0.00585769 88.8231 -0.998442 -0.0547848 0.0106283 -48.1113 0.0102912 0.00643152 0.999926 1.36984
-0.0330726 0.999442 -0.00458559 88.8069 -0.999367 -0.0330095 0.0132321 -48.6751 0.0130733 0.00502031 0.999902 1.38597
-0.00847422 0.999959 -0.00305633 88.8264 -0.999838 -0.00842447 0.0159366 -49.2008 0.0159102 0.00319088 0.999868 1.39666
0.0198444 0.999801 -0.00206559 88.8552 -0.999635 0.0198789 0.0182763 -49.7364 0.0183137 0.00170215 0.999831 1.41543
0.0524624 0.998622 -0.001267 88.8727 -0.998455 0.0524768 0.0182606 -50.2368 0.0183019 0.000307048 0.999832 1.43244
0.0906853 0.995878 -0.00172931 88.9588 -0.995744 0.0907015 0.0163641 -50.7806 0.0164535 0.000237971 0.999865 1.44109
0.132131 0.991231 -0.00118698 89.052 -0.991149 0.132136 0.01278 -51.2575 0.0128248 -0.000512177 0.999918 1.45371
0.176726 0.984259 0.00120247 89.1593 -0.98422 0.176707 0.00923288 -51.7812 0.00887507 -0.00281518 0.999957 1.45767
0.224819 0.974386 0.00533712 89.3081 -0.974388 0.224785 0.00623906 -52.2675 0.00487955 -0.00660308 0.999966 1.46958
0.275884 0.961153 0.00854233 89.4462 -0.961189 0.275853 0.00464391 -52.734 0.00210709 -0.00949197 0.999953 1.49696
0.329621 0.944068 0.00921091 89.6379 -0.944113 0.329593 0.00444817 -53.194 0.00116353 -0.0101623 0.999948 1.48897
0.387184 0.92199 0.00483851 89.8613 -0.921995 0.387155 0.00596667 -53.6675 0.00362796 -0.00677129 0.99997 1.51242
0.446318 0.894873 0.00169484 90.0629 -0.894848 0.44629 0.00850818 -54.0262 0.00685735 -0.00531398 0.999962 1.52167
0.505217 0.862983 -0.0040096 90.3778 -0.862895 0.505224 0.0126874 -54.4381 0.0129747 -0.00295001 0.999911 1.53549
0.563421 0.826157 -0.00463413 90.6271 -0.826001 0.563411 0.0170419 -54.827 0.0166902 -0.00577399 0.999844 1.5285
0.619013 0.785367 -0.00461877 90.972 -0.785166 0.61897 0.019734 -55.1895 0.0183574 -0.00858912 0.999795 1.53034
0.671692 0.740802 -0.00658439 91.2941 -0.740567 0.671663 0.0207083 -55.4988 0.0197632 -0.00903338 0.999764 1.54601
0.721268 0.692604 -0.00849838 91.6048 -0.692377 0.721271 0.0195707 -55.7984 0.0196844 -0.00823161 0.999772 1.54279
0.765947 0.642882 -0.00535134 92.019 -0.642744 0.765916 0.0159017 -56.0627 0.0143216 -0.00874034 0.999859 1.57479
0.807673 0.589628 -0.00182593 92.4058 -0.58957 0.807631 0.0118296 -56.3397 0.00844976 -0.00847797 0.999928 1.57645
0.844637 0.535327 0.00372365 92.7736 -0.535338 0.844591 0.00888571 -56.5279 0.0016118 -0.00949861 0.999954 1.59018
0.876085 0.482084 0.0083654 93.2679 -0.482137 0.876074 0.00617517 -56.7711 -0.00435176 -0.00944323 0.999946 1.58654
0.902006 0.431476 0.0146134 93.6594 -0.431591 0.90205 0.00583321 -56.9336 -0.0106651 -0.0115686 0.999876 1.60095
0.922829 0.384779 0.0182241 94.0841 -0.384959 0.922902 0.00760974 -57.106 -0.013891 -0.014038 0.999805 1.61263
0.938436 0.344814 0.021003 94.581 -0.345106 0.938484 0.0122226 -57.2401 -0.0154964 -0.0187184 0.999705 1.5864
0.950613 0.309659 0.0211443 95.023 -0.310043 0.950548 0.0182179 -57.3704 -0.0144574 -0.0238738 0.99961 1.60391
0.960191 0.278662 0.0195014 95.5092 -0.279034 0.960073 0.0200079 -57.4865 -0.0131473 -0.024653 0.99961 1.57324
0.966374 0.256463 0.0186485 95.9681 -0.256755 0.966355 0.0153598 -57.6019 -0.0140819 -0.0196314 0.999708 1.59934
0.970379 0.240901 0.0182201 96.4156 -0.241151 0.9704 0.0130498 -57.708 -0.014537 -0.017057 0.999749 1.58518
0.973628 0.227388 0.018548 96.9779 -0.227693 0.973595 0.0163879 -57.8374 -0.0143318 -0.0201789 0.999694 1.58024
0.975713 0.218173 0.0196199 97.4425 -0.21857 0.975593 0.0210847 -57.9124 -0.0145409 -0.024861 0.999585 1.56181
0.977113 0.211869 0.0190251 97.9838 -0.212339 0.97681 0.0274759 -58.0028 -0.0127626 -0.0308868 0.999441 1.56487
0.977875 0.208491 0.0171069 98.5068 -0.208981 0.977288 0.0351529 -58.1171 -0.00938935 -0.0379501 0.999236 1.55413
0.978049 0.207834 0.0149908 99.0353 -0.208258 0.977368 0.0371549 -58.2172 -0.0069295 -0.0394613 0.999197 1.56061
0.977532 0.210482 0.0113005 99.5601 -0.21075 0.97694 0.0342515 -58.3308 -0.00383056 -0.0358636 0.999349 1.55762
0.976704 0.214543 0.00448296 100.13 -0.214565 0.976059 0.0356346 -58.4703 0.00326951 -0.0357663 0.999355 1.56593
0.97582 0.218574 0.000619199 100.697 -0.218444 0.975132 0.0374023 -58.5881 0.00757138 -0.0366332 0.9993 1.56411
0.974817 0.223003 0.00150981 101.282 -0.222889 0.974053 0.0392535 -58.7151 0.00728301 -0.0386015 0.999228 1.56984
0.973554 0.22839 0.00547354 101.874 -0.228426 0.972766 0.0393517 -58.8461 0.00366306 -0.0395613 0.99921 1.56711
0.972251 0.233704 0.0105235 102.463 -0.233934 0.971568 0.0364702 -58.9769 -0.0017011 -0.03792 0.999279 1.58898
0.971403 0.236937 0.0153689 103.073 -0.237338 0.970818 0.0344045 -59.1331 -0.00676871 -0.0370683 0.99929 1.57609
0.970504 0.240279 0.0196911 103.703 -0.240788 0.97012 0.0298069 -59.2979 -0.0119408 -0.0336691 0.999362 1.57212
0.969672 0.243663 0.0190793 104.369 -0.244093 0.969432 0.024893 -59.4774 -0.0124306 -0.0287952 0.999508 1.56206
0.969534 0.244419 0.0162399 104.976 -0.244772 0.969249 0.0253509 -59.6436 -0.00954431 -0.0285537 0.999547 1.55925
0.969708 0.244071 0.00979695 105.635 -0.244244 0.969387 0.0251584 -59.8107 -0.0033566 -0.0267892 0.999635 1.57223
0.969958 0.24324 0.00400589 106.287 -0.243244 0.969453 0.0315074 -59.9685 0.00378035 -0.0315353 0.999495 1.56435
0.970588 0.240746 0.000317621 106.958 -0.240643 0.970135 0.0304651 -60.1147 0.00702621 -0.0296455 0.999536 1.5761
0.971051 0.238836 0.00412195 107.681 -0.238846 0.970551 0.0313674 -60.2682 0.0034911 -0.0314438 0.999499 1.56324
0.971425 0.237123 0.0102901 108.388 -0.237311 0.971115 0.0248642 -60.4549 -0.00409704 -0.0265957 0.999638 1.57827
0.971986 0.234542 0.0152621 109.089 -0.234821 0.971829 0.0201696 -60.6152 -0.0101015 -0.0231885 0.99968 1.56866
0.972427 0.23271 0.015195 109.815 -0.23301 0.972215 0.0224463 -60.783 -0.00954934 -0.025368 0.999633 1.58661
0.972901 0.230882 0.012534 110.568 -0.231157 0.972483 0.0290531 -60.939 -0.00548121 -0.0311631 0.999499 1.57275
0.973857 0.227033 0.00760782 111.328 -0.22716 0.973329 0.0320726 -61.1096 -0.000123372 -0.0329623 0.999457 1.58032
0.974802 0.223031 0.00429865 112.06 -0.223056 0.974318 0.0308415 -61.2848 0.00269036 -0.0310232 0.999515 1.57031
0.975714 0.218996 0.00484912 112.853 -0.219045 0.975323 0.0276439 -61.452 0.00132444 -0.0280347 0.999606 1.5849
0.976547 0.215223 0.00590991 113.65 -0.215304 0.976216 0.0254098 -61.6381 -0.000300573 -0.0260863 0.99966 1.58213
0.976836 0.213822 0.00850193 114.444 -0.21396 0.976599 0.0217911 -61.7943 -0.00364356 -0.0231054 0.999726 1.60022
0.977111 0.212477 0.0103478 115.227 -0.212655 0.976898 0.0211963 -61.9831 -0.00560505 -0.0229117 0.999722 1.58683
0.977185 0.212074 0.0116023 116.025 -0.212258 0.97705 0.0179127 -62.162 -0.00753715 -0.0199667 0.999772 1.60178
0.977149 0.212124 0.0135199 116.818 -0.212358 0.977003 0.019228 -62.3045 -0.00913027 -0.0216597 0.999724 1.59197
0.977268 0.211689 0.0115876 117.638 -0.211892 0.977075 0.0206499 -62.4869 -0.00695056 -0.0226358 0.99972 1.59322
0.977084 0.212592 0.0106009 118.46 -0.212812 0.976681 0.0283855 -62.6499 -0.00431915 -0.029991 0.999541 1.59171
0.976879 0.213519 0.0108 119.301 -0.213774 0.976203 0.0364385 -62.7937 -0.00276272 -0.0379048 0.999278 1.59064
0.976368 0.215769 0.0122156 120.136 -0.216097 0.975447 0.0424975 -62.975 -0.00274604 -0.044133 0.999022 1.58562
0.975685 0.218674 0.0148284 120.984 -0.219125 0.974684 0.0444417 -63.1543 -0.00473474 -0.0466104 0.998902 1.58114
0.975218 0.220738 0.0150108 121.815 -0.221203 0.974137 0.0461078 -63.3357 -0.00444483 -0.0482856 0.998824 1.59324
0.974811 0.222726 0.0116525 122.668 -0.223025 0.97385 0.0433222 -63.5353 -0.00169877 -0.0448298 0.998993 1.60247
0.974237 0.225262 0.0109733 123.524 -0.225514 0.973574 0.0360078 -63.7167 -0.00257219 -0.0375548 0.999291 1.61569
0.974291 0.225091 0.00953009 124.343 -0.225283 0.973776 0.0317513 -63.9358 -0.00213323 -0.033082 0.99945 1.6208
0.973963 0.226533 0.00890528 125.209 -0.226699 0.973522 0.0293869 -64.1096 -0.0020124 -0.0306405 0.999528 1.64882
0.973553 0.228192 0.011082 126.027 -0.228429 0.973085 0.0304115 -64.3078 -0.00384408 -0.0321386 0.999476 1.62775
0.973219 0.229166 0.0180883 126.864 -0.22966 0.97271 0.0330257 -64.4984 -0.0100263 -0.0362954 0.999291 1.62725
0.972936 0.230038 0.0218534 127.736 -0.23071 0.972357 0.0359882 -64.6891 -0.0129707 -0.040056 0.999113 1.59731
0.972697 0.231431 0.0173431 128.544 -0.231929 0.972043 0.0366234 -64.8813 -0.00838242 -0.0396458 0.999179 1.62085
0.972898 0.231214 0.0029516 129.367 -0.231186 0.972364 0.032574 -65.0805 0.00466154 -0.0323736 0.999465 1.65749
0.972826 0.231435 -0.00688075 130.158 -0.231131 0.97245 0.030335 -65.2681 0.0137118 -0.0279204 0.999516 1.6709
0.97322 0.229875 0.000783788 130.989 -0.229806 0.972834 0.0279708 -65.4622 0.00566728 -0.0274018 0.999608 1.66477
0.973295 0.228759 0.0191234 131.857 -0.229148 0.973154 0.0214952 -65.6771 -0.0136928 -0.0253032 0.999586 1.65769
0.973358 0.227095 0.0316526 132.686 -0.227623 0.973646 0.0141941 -65.8651 -0.027595 -0.0210208 0.999398 1.62765
0.973638 0.226229 0.0291417 133.47 -0.226826 0.973748 0.0190993 -66.0585 -0.0240558 -0.0252059 0.999393 1.64135
0.974137 0.225352 0.0165562 134.277 -0.225757 0.97375 0.0290804 -66.1912 -0.00956823 -0.032066 0.99944 1.65994
0.974517 0.224127 0.00915388 135.079 -0.224309 0.973958 0.0330493 -66.3986 -0.00150824 -0.0342604 0.999412 1.65001
0.974996 0.222113 0.0070015 135.907 -0.222223 0.97458 0.0284779 -66.5716 -0.000498206 -0.0293217 0.99957 1.65427
0.975571 0.219554 0.00762738 136.697 -0.219677 0.975261 0.0246643 -66.7499 -0.00202354 -0.0257373 0.999667 1.66664
0.976426 0.21575 0.00657137 137.512 -0.215849 0.976079 0.0260736 -66.9177 -0.000788794 -0.0268773 0.999638 1.67078
0.977453 0.211091 0.00518959 138.311 -0.211154 0.977083 0.026892 -67.0826 0.000605997 -0.0273814 0.999625 1.68317
0.978174 0.207703 0.00597386 139.149 -0.207788 0.97768 0.0310862 -67.2484 0.000616175 -0.031649 0.999499 1.69693
0.978565 0.20583 0.00663026 139.964 -0.205934 0.977895 0.0362166 -67.3771 0.000970735 -0.0368057 0.999322 1.69224
0.979031 0.20351 0.00904083 140.754 -0.203707 0.978321 0.0373004 -67.5779 -0.00125381 -0.03836 0.999263 1.70619
0.979187 0.202535 0.01314 141.556 -0.202891 0.978497 0.0371242 -67.7219 -0.00533845 -0.0390176 0.999224 1.7008
0.979524 0.200921 0.0127804 142.334 -0.20126 0.978859 0.0364563 -67.8707 -0.00518536 -0.038282 0.999254 1.69888
0.979926 0.199104 0.010162 143.143 -0.199328 0.979432 0.0313112 -68.0196 -0.00371885 -0.0327083 0.999458 1.72768
0.980904 0.194429 0.00491172 143.906 -0.194489 0.980483 0.0287501 -68.1996 0.000773995 -0.0291564 0.999575 1.72466
0.98222 0.187695 0.0036752 144.685 -0.187724 0.981822 0.0280322 -68.3596 0.00165312 -0.0282237 0.9996 1.74311
0.983375 0.181378 0.00871082 145.514 -0.181547 0.983037 0.0260592 -68.5111 -0.00383649 -0.0272074 0.999622 1.75595
0.984371 0.175383 0.0159369 146.291 -0.175703 0.984207 0.0215544 -68.6323 -0.0119049 -0.0240177 0.999641 1.74816
0.984905 0.17127 0.0250626 147.117 -0.171834 0.98487 0.0224376 -68.7961 -0.0208406 -0.0264055 0.999434 1.74102
0.985564 0.166925 0.0282768 147.898 -0.167598 0.985578 0.0233988 -68.9091 -0.0239632 -0.0278001 0.999326 1.7401
0.986445 0.162286 0.0242809 148.709 -0.162905 0.986294 0.0261853 -69.0223 -0.0196986 -0.0297859 0.999362 1.72971
0.987686 0.15575 0.0147688 149.471 -0.156124 0.987312 0.0289857 -69.1435 -0.0100668 -0.0309346 0.999471 1.73556
0.988772 0.149191 0.00847987 150.258 -0.149375 0.988365 0.0286502 -69.268 -0.00410687 -0.0295952 0.999554 1.71971
0.989721 0.142743 0.00870578 151.098 -0.142924 0.989396 0.0258586 -69.3835 -0.00492232 -0.0268371 0.999628 1.73662
0.990785 0.134856 0.0125856 151.895 -0.135184 0.990355 0.0303688 -69.5044 -0.00836875 -0.0317903 0.99946 1.72613
0.99184 0.12695 0.0117536 152.73 -0.127298 0.991202 0.036243 -69.5915 -0.00704913 -0.0374435 0.999274 1.72222
0.993072 0.117289 0.00714523 153.537 -0.117479 0.992324 0.0386163 -69.644 -0.0025611 -0.0391882 0.999229 1.73188
0.994061 0.108768 0.00338046 154.359 -0.108818 0.993357 0.0374334 -69.7451 0.000713546 -0.037579 0.999293 1.7287
0.994889 0.100804 0.00581693 155.156 -0.100953 0.994157 0.0382245 -69.8224 -0.00192977 -0.0386163 0.999252 1.73431
0.995619 0.092631 0.0127659 156 -0.0930714 0.994862 0.0398356 -69.8976 -0.00901034 -0.0408493 0.999125 1.72995
0.996214 0.0848768 0.0187869 156.854 -0.0855842 0.995497 0.0407515 -69.9288 -0.0152434 -0.0422051 0.998993 1.73546
0.996855 0.0763791 0.0211251 157.637 -0.0772009 0.99616 0.0412936 -70.0099 -0.01789 -0.0427946 0.998924 1.72749
0.997241 0.0703755 0.0236202 158.494 -0.0713192 0.996576 0.0418216 -70.0524 -0.0205961 -0.0433908 0.998846 1.71576
0.997598 0.0657685 0.0217464 159.309 -0.0666245 0.996923 0.0413114 -70.1032 -0.0189625 -0.042661 0.99891 1.71652
0.997963 0.0615168 0.0169053 160.159 -0.0622248 0.99704 0.0451503 -70.1244 -0.0140778 -0.0461103 0.998837 1.70679
0.99827 0.0578613 0.0104603 160.968 -0.0583279 0.996952 0.0518207 -70.1774 -0.00743002 -0.0523411 0.998602 1.71335
0.998457 0.0549904 0.00772001 161.815 -0.0553267 0.997023 0.0537006 -70.2063 -0.00474401 -0.0540449 0.998527 1.71109
0.998584 0.0514684 0.0134417 162.606 -0.0521222 0.997183 0.053939 -70.2289 -0.0106277 -0.0545633 0.998454 1.70756
0.998524 0.0492073 0.0230058 163.428 -0.0504311 0.997154 0.0560461 -70.254 -0.0201824 -0.0571235 0.998163 1.67628
0.998486 0.0453739 0.0310948 164.281 -0.047087 0.997276 0.056775 -70.2852 -0.028434 -0.0581532 0.997903 1.69093
0.998811 0.0404611 0.0272029 165.048 -0.0418479 0.997743 0.0525045 -70.3299 -0.0250171 -0.0535804 0.99825 1.66703
0.999184 0.0359338 0.0184338 165.895 -0.0367009 0.998396 0.0431161 -70.3713 -0.0168549 -0.0437575 0.9989 1.6992
0.999486 0.029536 0.0124668 166.685 -0.0300561 0.998587 0.0438269 -70.3913 -0.0111547 -0.044179 0.998961 1.66841
0.999658 0.0223641 0.0135523 167.54 -0.0229617 0.998692 0.0456736 -70.402 -0.0125131 -0.0459692 0.998864 1.65516
0.999698 0.0149805 0.0194821 168.331 -0.015788 0.998994 0.0419771 -70.4152 -0.0188336 -0.042272 0.998929 1.64907
0.999712 0.00746967 0.0227865 169.184 -0.00826109 0.999359 0.0348378 -70.4198 -0.0225117 -0.0350161 0.999133 1.64819
0.999646 0.00140224 0.0265767 169.987 -0.00221761 0.999527 0.0306754 -70.4296 -0.0265211 -0.0307234 0.999176 1.62985
0.999609 -0.00434058 0.0276377 170.791 0.00372347 0.999743 0.0223412 -70.4512 -0.0277276 -0.0222296 0.999368 1.62182
0.999744 -0.0110806 0.0197489 171.72 0.0106785 0.999736 0.0203527 -70.4347 -0.0199692 -0.0201365 0.999598 1.60953
0.999782 -0.0180923 0.0104001 172.464 0.0179525 0.999749 0.0133815 -70.4066 -0.0106396 -0.0131919 0.999856 1.59964
0.99968 -0.0247241 0.00540553 173.315 0.0246686 0.999645 0.0101038 -70.4408 -0.00565341 -0.00996718 0.999934 1.58638
0.999422 -0.0313176 0.0131881 174.155 0.0311568 0.99944 0.012229 -70.3838 -0.0135637 -0.011811 0.999838 1.61273
0.999005 -0.0362925 0.0259097 175.028 0.0359369 0.999255 0.0140608 -70.3275 -0.0264007 -0.0131157 0.999565 1.5766
0.998603 -0.0414576 0.0327699 175.897 0.0408647 0.998992 0.0185606 -70.2813 -0.0335063 -0.0171955 0.999291 1.54983
0.998512 -0.0449165 0.0309314 176.722 0.0443757 0.998854 0.0179558 -70.2424 -0.0317024 -0.0165565 0.99936 1.55273
0.998674 -0.0470273 0.0209389 177.609 0.0466149 0.998717 0.0197653 -70.2054 -0.0218416 -0.018763 0.999585 1.5501
0.998714 -0.049648 0.0102213 178.372 0.049317 0.99832 0.0304212 -70.1298 -0.0117145 -0.029878 0.999485 1.5315
0.998652 -0.0514236 0.00711836 179.279 0.051184 0.998223 0.0305065 -70.0538 -0.00867446 -0.030101 0.999509 1.53518
0.998488 -0.0536828 0.011865 180.12 0.0534004 0.998309 0.0229544 -70.0198 -0.0130771 -0.022286 0.999666 1.5294
0.998336 -0.0540344 0.020133 180.978 0.0535968 0.998327 0.0216739 -69.9855 -0.0212704 -0.0205588 0.999562 1.50887
0.998195 -0.0543355 0.0255699 181.828 0.0537003 0.998246 0.0249055 -69.9465 -0.0268783 -0.0234874 0.999363 1.49122
0.998143 -0.0555374 0.0250238 182.683 0.054864 0.998133 0.0268394 -69.8626 -0.0264677 -0.0254167 0.999327 1.48264
0.99821 -0.0573608 0.016941 183.508 0.0569555 0.9981 0.0235088 -69.8291 -0.0182573 -0.0225018 0.99958 1.48029
0.998229 -0.0592454 0.00541981 184.368 0.0591152 0.998016 0.0216659 -69.7838 -0.00669266 -0.0213071 0.999751 1.46731
0.998121 -0.0612467 0.00198938 185.217 0.0612271 0.998086 0.00873166 -69.7472 -0.00252035 -0.00859345 0.99996 1.48848
0.998034 -0.0623601 0.00623501 186.065 0.0623 0.998013 0.00941039 -69.6708 -0.00680945 -0.00900345 0.999936 1.47599
0.997837 -0.06362 0.0165229 186.903 0.0634363 0.997921 0.0114134 -69.6358 -0.0172146 -0.0103406 0.999798 1.4705
0.997663 -0.0653704 0.0198841 187.786 0.0650937 0.997777 0.0142587 -69.5324 -0.020772 -0.012931 0.999701 1.45446
0.997676 -0.0660221 0.0168428 188.596 0.0657546 0.997708 0.0159713 -69.4876 -0.0178586 -0.0148267 0.999731 1.46999
0.997748 -0.0661867 0.0108814 189.442 0.0660029 0.997684 0.0164644 -69.467 -0.0119459 -0.0157091 0.999805 1.47979
0.997755 -0.066249 0.0098018 190.332 0.0660352 0.997602 0.0207286 -69.3534 -0.0111515 -0.0200348 0.999737 1.46122
0.997691 -0.066867 0.0118639 191.112 0.0665499 0.997461 0.0253628 -69.3059 -0.0135297 -0.0245147 0.999608 1.44324
0.997596 -0.0675761 0.0153274 192.01 0.0670966 0.997298 0.0298986 -69.2233 -0.0173064 -0.0287983 0.999435 1.45307
0.99753 -0.0679269 0.0178833 192.848 0.0673011 0.997169 0.033536 -69.1668 -0.0201107 -0.0322496 0.999278 1.44025
0.997519 -0.0681535 0.0176426 193.656 0.0675153 0.99712 0.0345438 -69.0965 -0.0199461 -0.0332669 0.999247 1.43561
0.997524 -0.0689086 0.0140694 194.495 0.0683778 0.997037 0.0352462 -69.0347 -0.0164565 -0.0341969 0.99928 1.43808
0.997533 -0.0695715 0.0093134 195.289 0.0691904 0.99694 0.0363818 -68.964 -0.011816 -0.0356477 0.999295 1.43906
0.997428 -0.0710365 0.00958482 196.107 0.0706238 0.996775 0.0381104 -68.9073 -0.0122611 -0.0373354 0.999228 1.43935
0.997119 -0.0735141 0.0187088 196.915 0.072712 0.996533 0.0404438 -68.858 -0.0216171 -0.0389669 0.999007 1.4305
0.996787 -0.0752234 0.0275137 197.692 0.0741226 0.996484 0.039055 -68.8194 -0.0303548 -0.0368901 0.998858 1.41117
0.996645 -0.0763747 0.0294139 198.471 0.0754901 0.996692 0.0300953 -68.7856 -0.0316151 -0.0277738 0.999114 1.38631
0.996773 -0.0767211 0.0235912 199.203 0.0759666 0.996617 0.0313703 -68.7261 -0.0259182 -0.0294769 0.999229 1.39173
0.996939 -0.0760326 0.0182271 199.932 0.0754869 0.996726 0.0289579 -68.6476 -0.0203692 -0.0274933 0.999414 1.37795
0.997086 -0.075177 0.0129402 200.645 0.0747495 0.996725 0.0308442 -68.5794 -0.0152166 -0.0297871 0.99944 1.38814
0.997173 -0.074561 0.00926467 201.386 0.0743094 0.996921 0.0250465 -68.5152 -0.0111036 -0.0242872 0.999643 1.37695
0.997427 -0.0714754 0.0056075 202.033 0.0713323 0.997198 0.0225388 -68.4581 -0.00720277 -0.0220808 0.99973 1.39408
0.997761 -0.0667183 0.00454734 202.692 0.0666055 0.997546 0.0215963 -68.3947 -0.00597704 -0.0212451 0.999756 1.39626
0.998035 -0.0618633 0.00995085 203.382 0.0616387 0.997867 0.0214881 -68.3557 -0.011259 -0.0208325 0.99972 1.40824
0.998261 -0.0557057 0.0193069 204.037 0.0551897 0.998129 0.0263017 -68.3054 -0.0207359 -0.0251904 0.999468 1.4209
0.998484 -0.049971 0.0230692 204.715 0.0492401 0.998298 0.0312343 -68.279 -0.0245908 -0.030051 0.999246 1.40623
0.998821 -0.0437626 0.0209998 205.378 0.0430053 0.998453 0.0352548 -68.2352 -0.0225102 -0.0343101 0.999158 1.37831
0.999255 -0.0362547 0.0132331 206.07 0.0358109 0.998834 0.0323618 -68.1729 -0.0143909 -0.0318638 0.999389 1.35878
0.999573 -0.0287779 0.00505311 206.728 0.0286017 0.999077 0.0320353 -68.171 -0.00597036 -0.0318771 0.999474 1.38394
0.999781 -0.0209078 0.000775336 207.362 0.0208671 0.999151 0.0355212 -68.1359 -0.00151735 -0.0354972 0.999369 1.38861
0.999895 -0.0143672 0.00197799 208.027 0.0142882 0.99927 0.0354219 -68.1235 -0.00248546 -0.0353899 0.99937 1.38388
0.999931 -0.00901605 0.00747756 208.683 0.00876044 0.999399 0.0335397 -68.1617 -0.00777546 -0.0334718 0.999409 1.39342
0.999914 -0.00217064 0.0129312 209.309 0.00182778 0.999648 0.0264667 -68.1531 -0.0129841 -0.0264408 0.999566 1.38651
0.99988 0.00352969 0.0150656 209.952 -0.00386059 0.999751 0.0219914 -68.1568 -0.0149843 -0.0220469 0.999645 1.40181
0.999839 0.00676167 0.0166106 210.582 -0.00713332 0.999723 0.0224179 -68.1937 -0.0164544 -0.0225327 0.999611 1.40673
0.999807 0.00787869 0.0179955 211.218 -0.00832352 0.999658 0.0247791 -68.1765 -0.0177941 -0.0249241 0.999531 1.39852
0.999779 0.00794835 0.0194736 211.865 -0.00845484 0.999624 0.0260665 -68.1632 -0.0192591 -0.0262254 0.999471 1.38762
0.99973 0.00671108 0.0222402 212.497 -0.00726456 0.999664 0.0248998 -68.197 -0.0220657 -0.0250547 0.999443 1.38305
0.999699 0.00653718 0.0236538 213.164 -0.00721879 0.999558 0.0288466 -68.1921 -0.0234547 -0.0290087 0.999304 1.35007
0.999787 0.00669364 0.0195164 213.812 -0.00737865 0.999352 0.0352411 -68.1616 -0.0192679 -0.0353776 0.999188 1.35288
0.999913 0.00637095 0.0115397 214.496 -0.00682486 0.999187 0.0397315 -68.1403 -0.0112772 -0.0398068 0.999144 1.35279
0.999986 0.00407939 0.003311 215.15 -0.00420101 0.999284 0.0375944 -68.165 -0.00315527 -0.0376078 0.999288 1.35491
1 0.000429664 -0.000787564 215.8 -0.000404282 0.999489 0.0319508 -68.1666 0.00080089 -0.0319504 0.999489 1.37519
0.999987 -0.0029086 0.00416277 216.517 0.00275794 0.999357 0.0357514 -68.1243 -0.00426408 -0.0357395 0.999352 1.36902
0.999854 -0.00750437 0.0153471 217.163 0.00688601 0.999178 0.0399553 -68.1346 -0.0156344 -0.0398438 0.999084 1.3425
0.999513 -0.0119364 0.0288371 217.84 0.0108628 0.999252 0.0371028 -68.1378 -0.0292585 -0.0367715 0.998895 1.31599
0.999128 -0.0166526 0.0383 218.501 0.0154579 0.999391 0.0312799 -68.1433 -0.0387976 -0.0306606 0.998777 1.3028
0.999117 -0.0192213 0.037352 219.212 0.0180601 0.999351 0.0311819 -68.144 -0.0379271 -0.0304798 0.998816 1.31644
0.999248 -0.0216996 0.0321206 219.873 0.0206433 0.999247 0.0328592 -68.0895 -0.0328094 -0.0321714 0.998944 1.29871
0.999421 -0.0248593 0.0232113 220.6 0.0241404 0.999235 0.0307563 -68.0605 -0.0239582 -0.0301782 0.999257 1.2865
0.999451 -0.0270489 0.0191094 221.26 0.0266039 0.999377 0.0231706 -68.0572 -0.0197242 -0.0226495 0.999549 1.29139
0.999341 -0.0281506 0.0229119 221.97 0.02779 0.999487 0.0159078 -68.063 -0.023348 -0.0152606 0.999611 1.24603
0.999176 -0.0294715 0.0278926 222.677 0.0292121 0.999527 0.00966233 -68.0522 -0.0281641 -0.00883957 0.999564 1.23884
0.99906 -0.0309601 0.0303481 223.347 0.0307919 0.999508 0.00599625 -68.03 -0.0305188 -0.00505614 0.999521 1.2179
0.999076 -0.0323722 0.028276 224.024 0.0323109 0.999474 0.00262158 -68.0307 -0.028346 -0.00170553 0.999597 1.21637
0.999186 -0.0328616 0.0233892 224.768 0.0329275 0.999455 -0.00243807 -67.9976 -0.0232964 0.00320623 0.999723 1.20151
0.999185 -0.033295 0.0228145 225.458 0.0335366 0.999385 -0.01029 -67.9809 -0.0224579 0.0110467 0.999687 1.20051
0.999068 -0.03466 0.0257066 226.179 0.0349576 0.999326 -0.0112184 -67.9536 -0.0253005 0.0121066 0.999607 1.17875
0.998936 -0.0350862 0.0299189 226.846 0.035505 0.999277 -0.0135824 -67.9348 -0.0294207 0.0146303 0.99946 1.16992
0.998814 -0.0359004 0.0328882 227.534 0.0363636 0.999246 -0.0135959 -67.9138 -0.0323754 0.0147757 0.999367 1.14731
0.998875 -0.0360921 0.0307716 228.228 0.0365804 0.999211 -0.015458 -67.8975 -0.0301894 0.0165663 0.999407 1.13872
0.999059 -0.0359229 0.0242988 228.913 0.0363465 0.999191 -0.0172226 -67.8884 -0.0236604 0.0180896 0.999556 1.1317
0.99924 -0.0360663 0.0148124 229.604 0.0363402 0.999165 -0.0186578 -67.8504 -0.0141271 0.0191819 0.999716 1.12648
0.999308 -0.035915 0.00966804 230.261 0.0360732 0.999209 -0.0167217 -67.8083 -0.00905983 0.0170589 0.999813 1.1295
0.999305 -0.0357666 0.0105162 230.925 0.0359272 0.999234 -0.0155032 -67.7666 -0.00995365 0.0158703 0.999825 1.12161
0.999222 -0.0357182 0.0167002 231.601 0.0359925 0.999217 -0.0164255 -67.7535 -0.0161005 0.0170138 0.999726 1.12134
0.999033 -0.0364311 0.0245974 232.256 0.0369268 0.999118 -0.0200088 -67.7415 -0.0238467 0.0208978 0.999497 1.11014
0.998892 -0.0365938 0.0295937 232.881 0.0371374 0.999147 -0.0180313 -67.7118 -0.0289086 0.0191103 0.999399 1.11833
0.998761 -0.03709 0.0331905 233.516 0.0376602 0.999151 -0.0167218 -67.694 -0.0325421 0.0179511 0.999309 1.10399
0.998581 -0.0397515 0.0354276 234.112 0.0404837 0.998976 -0.0201973 -67.6479 -0.0345884 0.0216029 0.999168 1.08115
0.998369 -0.0445012 0.0357585 234.718 0.0454368 0.998634 -0.0257938 -67.6316 -0.0345618 0.0273765 0.999028 1.08278
0.998051 -0.0521622 0.034249 235.274 0.0531429 0.998184 -0.0283795 -67.6025 -0.0327065 0.0301443 0.99901 1.06813
0.997548 -0.0628629 0.0307576 235.819 0.0638186 0.997475 -0.0311428 -67.5905 -0.0287222 0.0330293 0.999042 1.06675
0.996657 -0.076944 0.0274623 236.33 0.0777999 0.996468 -0.0315933 -67.5162 -0.0249344 0.0336242 0.999123 1.06103
0.995106 -0.0954694 0.0255018 236.82 0.0962785 0.994819 -0.032647 -67.4559 -0.0222529 0.0349425 0.999142 1.05009
0.992647 -0.118023 0.026891 237.347 0.118953 0.992243 -0.0361081 -67.4272 -0.0224208 0.0390414 0.998986 1.04817
0.989368 -0.142385 0.0296347 237.874 0.143376 0.989065 -0.0345428 -67.3176 -0.0243922 0.0384244 0.998964 1.04297
0.984894 -0.170023 0.0328084 238.359 0.171133 0.98464 -0.0346122 -67.224 -0.0264195 0.0397039 0.998862 1.02643
0.978786 -0.202115 0.0335755 238.818 0.203298 0.978433 -0.0365951 -67.1336 -0.0254549 0.0426446 0.998766 1.0364
0.97092 -0.237398 0.0309258 239.279 0.238401 0.970563 -0.0342384 -66.9982 -0.0218874 0.0406155 0.998935 1.04073
0.960263 -0.277862 0.0262136 239.714 0.278611 0.959892 -0.0313688 -66.8319 -0.016446 0.0374257 0.999164 1.0251
0.947348 -0.319434 0.0222009 240.154 0.31996 0.947057 -0.0266186 -66.6476 -0.0125226 0.0323205 0.999399 1.02623
0.930982 -0.364541 0.0195643 240.586 0.364927 0.930769 -0.0223141 -66.4268 -0.0100754 0.0279135 0.99956 1.02526
0.911626 -0.410765 0.014524 240.954 0.410936 0.911587 -0.011841 -66.2524 -0.00837598 0.016763 0.999824 1.01766
0.889037 -0.457767 0.00795861 241.344 0.457776 0.889067 0.000717693 -65.9607 -0.00740428 0.0030052 0.999968 1.02432
0.862627 -0.505836 0.00190512 241.678 0.505777 0.862573 0.0125323 -65.6933 -0.0079826 -0.00984714 0.99992 1.01423
0.832097 -0.554625 -0.00246731 242.027 0.554541 0.831876 0.0215909 -65.4502 -0.00992236 -0.019334 0.999764 1.01672
0.798299 -0.602241 -0.00491989 242.367 0.602121 0.797911 0.0280814 -65.1503 -0.0129861 -0.0253797 0.999594 1.00907
0.761802 -0.647798 -0.00380083 242.661 0.647504 0.761249 0.0351912 -64.8294 -0.0199034 -0.0292698 0.999373 0.993867
0.723081 -0.690763 0.000978472 242.931 0.689988 0.722335 0.0463647 -64.5504 -0.0327338 -0.0328503 0.998924 0.997985
0.683038 -0.730375 0.00341549 243.216 0.72899 0.682017 0.0585451 -64.1833 -0.0450893 -0.0374987 0.998279 0.995223
0.640947 -0.76758 0.00285385 243.442 0.765752 0.639668 0.0667047 -63.8426 -0.0530267 -0.0405688 0.997769 0.959513
0.597233 -0.802064 0.00248545 243.66 0.799934 0.595868 0.0710427 -63.5174 -0.0584618 -0.0404409 0.99747 0.975131
0.550657 -0.83473 0.00160215 243.862 0.83244 0.549287 0.0729952 -63.1524 -0.0618114 -0.0388617 0.997331 0.931981
0.502372 -0.864643 0.00385757 244.065 0.862359 0.50136 0.0705345 -62.7789 -0.0629212 -0.0321079 0.997502 0.926376
0.450879 -0.892564 0.00620758 244.194 0.890501 0.45029 0.0651733 -62.4575 -0.0609666 -0.0238574 0.997855 0.913087
0.398286 -0.917221 0.00852926 244.328 0.915574 0.3981 0.0569274 -62.0326 -0.0556105 -0.0148642 0.998342 0.888686
0.344984 -0.938576 0.00780641 244.427 0.937227 0.344916 0.0513656 -61.695 -0.050903 -0.0104039 0.998649 0.855565
0.293589 -0.955915 0.00558814 244.558 0.954716 0.293506 0.0486947 -61.2391 -0.0481881 -0.00896114 0.998798 0.838242
0.244732 -0.969585 0.00326539 244.606 0.968419 0.244601 0.0483313 -60.7859 -0.04766 -0.00866597 0.998826 0.802546
0.198589 -0.980076 0.00359151 244.732 0.978855 0.198522 0.0493224 -60.3311 -0.0490527 -0.00627932 0.998776 0.78369
0.154406 -0.988002 0.00316173 244.771 0.986825 0.154377 0.0484082 -59.8571 -0.0483155 -0.00435444 0.998823 0.774174
0.114489 -0.993422 0.00221329 244.792 0.992296 0.114465 0.0473983 -59.3769 -0.0473398 -0.00323035 0.998874 0.737479
0.0794589 -0.996835 0.00238553 244.801 0.995785 0.0794846 0.0457731 -58.9317 -0.0458178 -0.0012616 0.998949 0.732992
0.049144 -0.998792 0.000254183 244.834 0.997876 0.0491098 0.0428054 -58.4109 -0.0427661 -0.00184998 0.999083 0.699852
0.0241743 -0.999706 -0.00207804 244.821 0.998883 0.0240699 0.0406588 -57.9091 -0.0405968 -0.00305861 0.999171 0.684191
0.000952557 -0.999991 -0.00413228 244.821 0.999236 0.000790353 0.0390784 -57.3691 -0.0390747 -0.00416635 0.999228 0.654969
-0.0174564 -0.999809 -0.00879567 244.795 0.999161 -0.0177697 0.0369085 -56.8196 -0.0370577 -0.008144 0.99928 0.645394
-0.0318876 -0.999431 -0.0110375 244.771 0.998823 -0.0322681 0.0362109 -56.2525 -0.0365464 -0.00986981 0.999283 0.62015
-0.0427233 -0.998996 -0.0134556 244.727 0.99848 -0.0431627 0.0342661 -55.7195 -0.0348125 -0.0119712 0.999322 0.59727
-0.0492913 -0.998679 -0.0145048 244.686 0.998242 -0.0497378 0.032229 -55.1253 -0.0329078 -0.0128907 0.999375 0.572686
-0.0526488 -0.998491 -0.015589 244.644 0.998081 -0.0531239 0.0318189 -54.5366 -0.032599 -0.0138839 0.999372 0.5638
-0.0544181 -0.998412 -0.0145454 244.611 0.997964 -0.0548676 0.0325329 -53.9276 -0.0332794 -0.0127454 0.999365 0.541439
-0.0547802 -0.998383 -0.0151551 244.547 0.997935 -0.055253 0.0327665 -53.2707 -0.0335509 -0.0133289 0.999348 0.51755
-0.0549408 -0.998382 -0.0146782 244.515 0.9979 -0.0554073 0.0335355 -52.6231 -0.0342945 -0.0128049 0.99933 0.498965
-0.0550599 -0.998389 -0.0137121 244.482 0.997886 -0.0554965 0.0338126 -51.9445 -0.0345191 -0.0118214 0.999334 0.482523
-0.0546841 -0.998414 -0.0134145 244.453 0.997963 -0.0550917 0.0321782 -51.254 -0.0328662 -0.0116275 0.999392 0.45669
-0.0534275 -0.998512 -0.0109481 244.406 0.998114 -0.0537316 0.0296757 -50.5595 -0.0302198 -0.009342 0.9995 0.433294
-0.05109 -0.998651 -0.00925442 244.343 0.998283 -0.0513328 0.028227 -49.8111 -0.028664 -0.00779641 0.999559 0.408219
-0.0503514 -0.998684 -0.00977803 244.315 0.998337 -0.0506041 0.0275991 -49.0514 -0.0280576 -0.00837212 0.999571 0.380196
-0.0487591 -0.998758 -0.0102434 244.281 0.998419 -0.0490244 0.0274826 -48.2779 -0.0279506 -0.00888721 0.99957 0.355232
-0.0477849 -0.998816 -0.00908913 244.24 0.998455 -0.0480221 0.0279643 -47.4514 -0.0283677 -0.00773881 0.999568 0.336097
-0.045997 -0.998923 -0.00611902 244.217 0.998516 -0.0461553 0.0288972 -46.6262 -0.0291485 -0.00478076 0.999564 0.31156
-0.0445375 -0.999 -0.00396343 244.183 0.998584 -0.0446338 0.0289546 -45.7776 -0.0291025 -0.00266825 0.999573 0.288779
-0.0432214 -0.999061 -0.00311926 244.148 0.998644 -0.0432936 0.0288993 -44.9176 -0.0290072 -0.00186597 0.999577 0.269019
-0.041566 -0.999134 -0.0019353 244.076 0.99866 -0.0416059 0.0307656 -44.0315 -0.0308195 -0.000653905 0.999525 0.227885
-0.0411091 -0.999154 -0.000795161 244.061 0.998511 -0.0411112 0.0358441 -43.1627 -0.0358465 0.000679541 0.999357 0.209917
-0.0400377 -0.999198 0.000263887 244.002 0.9984 -0.0399952 0.0399679 -42.2566 -0.0399253 0.00186369 0.999201 0.170093
-0.0395577 -0.999216 0.00152344 243.967 0.998367 -0.0394611 0.0413079 -41.3761 -0.0412154 0.003155 0.999145 0.145378
-0.0406581 -0.999173 0.000762686 243.928 0.998401 -0.0405966 0.0393386 -40.4761 -0.0392751 0.0023609 0.999226 0.118902
-0.0414357 -0.999136 0.00329798 243.876 0.998533 -0.041295 0.0350346 -39.6318 -0.0348681 0.00474482 0.999381 0.111747
-0.0437343 -0.999036 0.00371945 243.866 0.998471 -0.043583 0.0339967 -38.7176 -0.0338018 0.00520059 0.999415 0.0881842
-0.0463718 -0.998914 0.00454522 243.832 0.998186 -0.0461621 0.0386442 -37.8296 -0.0383924 0.00632898 0.999243 0.0543517
-0.0494116 -0.998744 0.00826292 243.76 0.997789 -0.0489928 0.044907 -36.9787 -0.0444458 0.0104636 0.998957 0.0285514
-0.0531221 -0.998522 0.0114634 243.735 0.997443 -0.0525082 0.0484734 -36.1018 -0.0477998 0.0140091 0.998759 -0.000575989
-0.0554836 -0.998388 0.0119215 243.654 0.997275 -0.0548325 0.0493479 -35.2333 -0.0486147 0.014627 0.998711 -0.0337844
-0.0582352 -0.998228 0.0122108 243.595 0.997198 -0.057591 0.0477495 -34.3051 -0.0469617 0.0149573 0.998785 -0.0645104
-0.061069 -0.998082 0.0101034 243.546 0.997149 -0.0605563 0.0450133 -33.4667 -0.0443152 0.0128235 0.998935 -0.0909355
-0.0635983 -0.99793 0.00948539 243.512 0.997052 -0.0631278 0.0436115 -32.6203 -0.0429225 0.0122311 0.999004 -0.112814
-0.0644136 -0.997866 0.0107157 243.428 0.997028 -0.0638975 0.0430275 -31.7573 -0.042251 0.0134554 0.999016 -0.142998
-0.0664923 -0.997768 0.00612933 243.371 0.996938 -0.0661811 0.0416529 -30.8911 -0.0411543 0.00888016 0.999113 -0.1689
-0.0664567 -0.997787 0.0023569 243.272 0.997062 -0.066318 0.0383225 -30.0153 -0.0380814 0.00489677 0.999263 -0.186604
-0.0662431 -0.997796 0.00375248 243.207 0.997169 -0.0660664 0.0359063 -29.2178 -0.0355792 0.0061204 0.999348 -0.204322
-0.0664547 -0.997789 -2.89477e-05 243.166 0.997177 -0.0664149 0.0350168 -28.3203 -0.0349413 0.00229816 0.999387 -0.235411
-0.0649989 -0.997884 -0.00137808 243.094 0.997266 -0.0650071 0.0351471 -27.4673 -0.0351623 0.000910216 0.999381 -0.249443
-0.0626059 -0.998035 0.00249311 243.023 0.997438 -0.0624814 0.0348315 -26.5968 -0.0346073 0.00466738 0.99939 -0.271878
-0.0609215 -0.998139 0.00259817 242.976 0.997521 -0.0607915 0.0354494 -25.7547 -0.0352255 0.00475136 0.999368 -0.296285
-0.0593836 -0.998222 0.00504578 242.926 0.997566 -0.059158 0.0369172 -24.8781 -0.0365531 0.00722577 0.999306 -0.313541
-0.0572403 -0.998327 0.00817319 242.866 0.997633 -0.0568841 0.0386446 -24.1049 -0.038115 0.0103659 0.99922 -0.342451
-0.0556948 -0.998309 0.016633 242.825 0.997709 -0.0550052 0.0393774 -23.2311 -0.038396 0.018788 0.999086 -0.359007
-0.0539075 -0.998463 0.0128345 242.797 0.997852 -0.0533865 0.0379637 -22.3647 -0.0372201 0.0148535 0.999197 -0.375293
-0.0516914 -0.998578 0.0130569 242.714 0.998006 -0.0511788 0.0369405 -21.5244 -0.0362198 0.0149404 0.999232 -0.409822
-0.0510767 -0.998625 0.0118234 242.699 0.998012 -0.0506005 0.0375729 -20.7322 -0.0369229 0.013719 0.999224 -0.415033
-0.0516469 -0.998502 0.0180868 242.668 0.997858 -0.0508684 0.0411388 -19.8758 -0.0401571 0.0201727 0.99899 -0.444778
-0.0517382 -0.998553 0.0146462 242.618 0.997682 -0.0510326 0.0450215 -19.0739 -0.0442089 0.0169415 0.998879 -0.479506
-0.0532857 -0.99846 0.015418 242.542 0.997504 -0.0525057 0.0472112 -18.256 -0.046329 0.0178952 0.998766 -0.510345
-0.0556067 -0.998321 0.016204 242.509 0.997411 -0.0548004 0.0465565 -17.46 -0.0455904 0.0187509 0.998784 -0.524964
-0.0585027 -0.998202 0.013042 242.451 0.997384 -0.0578893 0.0432796 -16.603 -0.0424468 0.0155398 0.998978 -0.542342
-0.0616804 -0.998013 0.0128985 242.408 0.997307 -0.0611128 0.0405442 -15.8031 -0.0396754 0.0153646 0.999094 -0.568844
-0.0661604 -0.997714 0.0137835 242.333 0.997097 -0.0655851 0.0386847 -14.9949 -0.0376923 0.0163029 0.999156 -0.599975
-0.0705121 -0.997457 0.0103411 242.274 0.99683 -0.070077 0.0376842 -14.186 -0.0368637 0.0129655 0.999236 -0.617903
-0.075584 -0.997121 0.00600097 242.209 0.996434 -0.0753029 0.0380496 -13.3933 -0.0374882 0.00885551 0.999258 -0.639195
-0.0805525 -0.996747 0.00271552 242.147 0.995966 -0.0803808 0.0398722 -12.6214 -0.0395242 0.00591637 0.999201 -0.652391
-0.0851726 -0.996362 0.00279454 242.059 0.99551 -0.0849828 0.0416866 -11.8014 -0.0412975 0.00633255 0.999127 -0.691463
-0.0885791 -0.996069 -7.51478e-05 241.969 0.995131 -0.0884989 0.0433845 -11.0173 -0.0432207 0.00376818 0.999058 -0.7168
-0.0916026 -0.995786 -0.00448646 241.878 0.994854 -0.0917109 0.0430633 -10.2492 -0.0432933 -0.000518662 0.999062 -0.734329
-0.0936743 -0.995564 -0.00875454 241.802 0.9947 -0.0939601 0.0417457 -9.45706 -0.0423831 -0.00479765 0.99909 -0.743924
