1 0 0 0 0 1 0 0 0 0 1 0
0.999999 -0.00110426 -0.000862407 0.554016 0.00110304 0.999998 -0.00141709 -0.0347854 0.00086397 0.00141614 0.999999 0.0316349
0.999994 -0.00269378 -0.00238885 1.13557 0.00268858 0.999994 -0.00217711 0.00925914 0.0023947 0.00217067 0.999995 0.0336132
0.999984 -0.00460857 -0.00320812 1.71549 0.00460086 0.999987 -0.00240596 0.0158056 0.00321917 0.00239116 0.999992 0.0373697
0.999965 -0.00670861 -0.00506342 2.27362 0.00668622 0.999968 -0.00442661 0.0208667 0.00509295 0.0043926 0.999977 0.0498866
0.999948 -0.00773264 -0.0066065 2.82514 0.00768707 0.999947 -0.00689628 0.00540205 0.00665948 0.00684513 0.999954 0.0601121
0.999929 -0.0093802 -0.00733462 3.38497 0.00932336 0.999927 -0.00774484 0.0383049 0.00740673 0.00767591 0.999943 0.0726004
0.999922 -0.0104578 -0.00684295 3.97597 0.0104021 0.999913 -0.0081299 0.00817071 0.00692737 0.00805808 0.999944 0.0835506
0.999907 -0.0116842 -0.00701676 4.54705 0.0116243 0.999896 -0.00851888 0.0296688 0.00711557 0.00843653 0.999939 0.0909293
0.999868 -0.0129289 -0.0098441 5.14405 0.0128522 0.999887 -0.00781127 0.0404912 0.00994398 0.00768372 0.999921 0.108484
0.999793 -0.0150499 -0.0137228 5.75792 0.014959 0.999866 -0.0066985 0.0495235 0.0138218 0.00649183 0.999883 0.119312
0.999727 -0.0159972 -0.0170153 6.34741 0.0159131 0.999861 -0.00506371 0.0674151 0.0170939 0.00479156 0.999842 0.12769
0.999706 -0.0171347 -0.0171433 6.98435 0.0170803 0.999849 -0.00331876 0.0896523 0.0171975 0.00302497 0.999848 0.141668
0.999775 -0.0182574 -0.0107911 7.61796 0.0182421 0.999832 -0.00152295 0.108693 0.0108171 0.00132575 0.999941 0.13956
0.999815 -0.0192041 -0.000518645 8.26799 0.0192038 0.999815 -0.000546265 0.13707 0.00052904 0.000536205 1 0.158628
0.999777 -0.0201005 0.00654571 8.95016 0.0200948 0.999798 0.000929402 0.142344 -0.00656307 -0.000797659 0.999978 0.180716
0.999751 -0.0213736 0.00636812 9.61048 0.0213608 0.99977 0.00207109 0.167832 -0.00641092 -0.00193455 0.999978 0.184879
0.999763 -0.0217297 -0.00121643 10.2946 0.0217359 0.99975 0.0053257 0.176515 0.0011004 -0.00535088 0.999985 0.189731
0.999704 -0.0233022 -0.00694874 11.0277 0.02334 0.999713 0.00540798 0.214274 0.00682072 -0.00556856 0.999961 0.189393
0.999687 -0.0243228 -0.00587227 11.7681 0.0243458 0.999696 0.00387497 0.238836 0.00577623 -0.00401673 0.999975 0.196442
0.999677 -0.0251916 0.00336137 12.512 0.0251863 0.999681 0.00160718 0.240045 -0.00340078 -0.001522 0.999993 0.199557
0.999625 -0.0252003 0.0106689 13.2719 0.0251892 0.999682 0.00117062 0.281726 -0.010695 -0.000901444 0.999942 0.192901
0.999565 -0.0261797 0.0135818 14.0882 0.0261792 0.999657 0.000215482 0.286509 -0.0135828 0.000140173 0.999908 0.194153
0.999581 -0.0257555 0.0132304 14.8672 0.0257762 0.999667 -0.00139499 0.310526 -0.01319 0.00173543 0.999912 0.203393
0.999615 -0.0256525 0.0105648 15.708 0.0256723 0.999669 -0.0017413 0.349609 -0.0105166 0.00201185 0.999943 0.199081
0.999661 -0.0249189 0.00753929 16.5301 0.0249154 0.999689 0.000558737 0.347571 -0.00755087 -0.000370704 0.999971 0.185342
0.999712 -0.0239055 0.0021896 17.3858 0.0239094 0.999713 -0.00174054 0.385663 -0.00214736 0.00179239 0.999996 0.193051
0.999713 -0.0236474 -0.00388792 18.2746 0.0236301 0.999711 -0.00442418 0.409333 0.00399141 0.00433104 0.999983 0.20428
0.999713 -0.0220506 -0.00933339 19.1133 0.0220179 0.999751 -0.00359201 0.449586 0.00941027 0.00338548 0.99995 0.213419
0.999709 -0.0217592 -0.0104132 20.0185 0.0217456 0.999763 -0.00141779 0.438631 0.0104415 0.00119093 0.999945 0.222125
0.999703 -0.0223587 -0.00966503 20.9678 0.0223394 0.999748 -0.00209996 0.475651 0.00970955 0.00188343 0.999951 0.235339
0.999701 -0.0220141 -0.0106126 21.9024 0.0220038 0.999757 -0.00108934 0.517126 0.010634 0.000855495 0.999943 0.25299
0.999682 -0.0217602 -0.012773 22.8228 0.0217839 0.999761 0.00171978 0.52792 0.0127325 -0.00199748 0.999917 0.274818
0.99966 -0.0222035 -0.0136404 23.8096 0.0222892 0.999733 0.00616233 0.57793 0.0135 -0.00646427 0.999888 0.289326
0.999663 -0.0220577 -0.0136858 24.7526 0.0221647 0.999725 0.00771249 0.600921 0.0135119 -0.00801323 0.999877 0.313594
0.99966 -0.0221715 -0.0137352 25.761 0.022282 0.99972 0.0079449 0.606892 0.0135552 -0.00824825 0.999874 0.332305
0.99965 -0.0228261 -0.0133728 26.7372 0.0229405 0.999701 0.00846485 0.664015 0.0131756 -0.00876867 0.999875 0.354611
0.999663 -0.0228675 -0.0122553 27.7051 0.0229849 0.99969 0.0095293 0.674348 0.0120336 -0.00980778 0.999879 0.38442
0.99968 -0.0229708 -0.0105606 28.7503 0.0230721 0.999688 0.00957716 0.713304 0.0103373 -0.00981776 0.999898 0.401895
0.999683 -0.0234845 -0.00906346 29.7334 0.0235748 0.999672 0.00998815 0.742699 0.00882592 -0.0101987 0.999909 0.419377
0.999674 -0.0235478 -0.00988489 30.7688 0.0236436 0.999674 0.00968691 0.779112 0.00965355 -0.00991746 0.999904 0.446877
0.999649 -0.0242241 -0.0107222 31.7899 0.0243522 0.999632 0.011988 0.806649 0.0104279 -0.0122449 0.999871 0.471269
0.999646 -0.0246398 -0.0100478 32.821 0.0247531 0.99963 0.0113124 0.823722 0.00976535 -0.0115571 0.999886 0.488478
0.999658 -0.0251624 -0.00709324 33.9 0.0252361 0.999626 0.0104966 0.863432 0.00682647 -0.010672 0.99992 0.511121
0.999674 -0.0252875 -0.00362477 34.9293 0.0253227 0.999629 0.0100328 0.887819 0.00336972 -0.0101213 0.999943 0.518143
0.999666 -0.0258383 -0.0010208 35.9978 0.0258475 0.999612 0.0103701 0.915251 0.000752456 -0.010393 0.999946 0.543595
0.999649 -0.0264982 -0.00012052 37.0359 0.026498 0.999594 0.0104488 0.961073 -0.000156404 -0.0104484 0.999945 0.549547
0.99963 -0.0271608 -0.00139967 38.1031 0.0271743 0.999573 0.0107826 0.986167 0.00110621 -0.0108167 0.999941 0.570521
0.999612 -0.0278096 -0.00167664 39.1854 0.0278276 0.999542 0.0119243 1.0388 0.00134426 -0.0119663 0.999927 0.580027
0.999595 -0.0284475 -0.000587074 40.2685 0.0284522 0.999536 0.0108331 1.0926 0.000278627 -0.0108454 0.999941 0.591267
0.999578 -0.0290285 0.00123279 41.338 0.0290145 0.999528 0.0101256 1.10071 -0.00152614 -0.0100856 0.999948 0.605518
0.999541 -0.0300304 0.00390662 42.3959 0.0299916 0.999504 0.00963298 1.13828 -0.00419397 -0.00951139 0.999946 0.619103
0.999521 -0.0306882 0.00409487 43.487 0.0306465 0.999481 0.00987839 1.15501 -0.00439589 -0.00974816 0.999943 0.638624
0.999528 -0.0307154 0.00072496 44.573 0.0307047 0.999459 0.0117756 1.22002 -0.00108626 -0.0117478 0.99993 0.639568
0.999533 -0.0303648 -0.00347262 45.6232 0.0304114 0.999436 0.0142549 1.24545 0.00303781 -0.0143538 0.999892 0.662317
0.999521 -0.0306844 -0.00394226 46.6905 0.0307427 0.999404 0.0156911 1.30766 0.00345844 -0.0158048 0.999869 0.677589
0.999523 -0.0308584 -0.00100406 47.778 0.0308697 0.99942 0.014369 1.3279 0.000560072 -0.0143932 0.999896 0.687639
0.999538 -0.0303799 0.000806737 48.8462 0.0303657 0.999442 0.0139445 1.35262 -0.00122992 -0.0139136 0.999902 0.689919
0.999541 -0.0302135 0.00217535 49.941 0.0301842 0.999467 0.012407 1.41264 -0.00254905 -0.0123356 0.999921 0.70514
0.999543 -0.0301792 0.00154184 51.0124 0.0301554 0.999452 0.0136486 1.44563 -0.0019529 -0.0135959 0.999906 0.721679
0.99955 -0.029981 0.000318802 52.0843 0.0299745 0.999469 0.0127961 1.48324 -0.000702274 -0.0127808 0.999918 0.742276
0.999574 -0.0290871 -0.0022376 53.1588 0.0291149 0.999484 0.0135745 1.51384 0.00184161 -0.0136339 0.999905 0.749861
0.999568 -0.0291089 -0.00399708 54.2434 0.0291589 0.999489 0.0130805 1.55043 0.00361427 -0.0131914 0.999906 0.771926
0.999552 -0.0289979 -0.00735898 55.338 0.0290869 0.999501 0.0122853 1.57173 0.00699906 -0.0124938 0.999897 0.800859
0.999552 -0.0284469 -0.00926508 56.3936 0.0285493 0.999531 0.0111206 1.59112 0.00894438 -0.0113802 0.999895 0.815893
0.999551 -0.0291408 -0.00693271 57.4578 0.0292 0.999537 0.00860204 1.64259 0.00667883 -0.00880062 0.999939 0.847121
0.999597 -0.0283817 -0.00101343 58.5531 0.0283887 0.999567 0.00769528 1.68575 0.000794588 -0.00772095 0.99997 0.866259
0.999589 -0.0282674 0.00476019 59.6492 0.0282451 0.99959 0.00469513 1.70602 -0.00489096 -0.00455875 0.999978 0.872027
0.999574 -0.0284849 0.00632258 60.7312 0.0284589 0.999586 0.00417633 1.75604 -0.00643893 -0.00399462 0.999971 0.88394
0.999623 -0.0272165 0.00356372 61.7904 0.0272071 0.999626 0.00265019 1.75377 -0.00363452 -0.00255223 0.99999 0.907461
0.999624 -0.0274311 0.000430361 62.9102 0.0274309 0.999624 0.000483944 1.78805 -0.000443474 -0.000471956 1 0.906612
0.999615 -0.0275499 -0.00341146 63.9585 0.0275604 0.999615 0.00307966 1.82879 0.00332531 -0.0031725 0.999989 0.925546
0.999597 -0.0274208 -0.00740277 65.0636 0.0274421 0.99962 0.00278471 1.86689 0.0073236 -0.00298673 0.999969 0.951714
0.999595 -0.0271652 -0.00852406 66.1435 0.0272139 0.999614 0.00564151 1.93886 0.00836752 -0.0058712 0.999948 0.963822
0.999651 -0.025913 -0.00508063 67.2421 0.0259601 0.999618 0.00943959 1.93708 0.00483409 -0.0095682 0.999943 0.97293
0.999647 -0.0264282 -0.00271189 68.3282 0.0264545 0.999598 0.0101886 1.99306 0.00244153 -0.0102568 0.999944 1.00458
0.999658 -0.0260918 -0.00188675 69.4477 0.0261097 0.999608 0.0101394 2.02952 0.00162145 -0.0101852 0.999947 1.02278
0.999668 -0.0257592 -0.000879404 70.5185 0.025766 0.999629 0.00886735 2.05181 0.000650662 -0.00888706 0.99996 1.03891
0.999656 -0.0262212 0.000518381 71.5809 0.0262163 0.999626 0.00781482 2.06942 -0.000723101 -0.00779855 0.999969 1.05951
0.999645 -0.026547 0.00237908 72.721 0.0265315 0.999628 0.00636013 2.08351 -0.00254704 -0.00629475 0.999977 1.06572
0.99961 -0.0276208 0.00402337 73.8227 0.0276 0.999606 0.00512003 2.12308 -0.00416321 -0.00500699 0.999979 1.08097
0.999595 -0.0282336 0.0034616 74.8637 0.0282171 0.999591 0.00471693 2.16457 -0.00359336 -0.00461735 0.999983 1.09125
0.999605 -0.0281162 -3.70455e-05 75.9424 0.028116 0.99959 0.00534377 2.19447 -0.000113216 -0.0053427 0.999986 1.11745
0.99958 -0.0289027 -0.00194341 77.0126 0.028913 0.999567 0.00550534 2.22491 0.00178345 -0.00555922 0.999983 1.13036
0.999568 -0.0293728 -0.000335974 78.0873 0.0293744 0.999547 0.00651962 2.26697 0.000144322 -0.00652668 0.999979 1.14102
0.999539 -0.0301208 0.00387432 79.1242 0.0300944 0.999525 0.00668534 2.32799 -0.00407385 -0.00656566 0.99997 1.15365
0.999482 -0.0312105 0.00782404 80.2686 0.0311494 0.999484 0.00780358 2.34209 -0.00806355 -0.00755583 0.999939 1.16517
0.999483 -0.0310508 0.00837209 81.3112 0.0309705 0.999475 0.00954934 2.37512 -0.0086642 -0.00928512 0.999919 1.17434
0.999458 -0.0321296 0.00712699 82.377 0.0320599 0.999439 0.0096914 2.43558 -0.00743437 -0.00945766 0.999928 1.18374
0.999448 -0.0326773 0.00603678 83.4203 0.032618 0.999421 0.00968046 2.45 -0.00634962 -0.0094782 0.999935 1.19664
0.999434 -0.0329996 0.00648797 84.4507 0.0329394 0.999415 0.00917105 2.52015 -0.00678682 -0.00895215 0.999937 1.20873
0.999415 -0.033577 0.00648701 85.4858 0.0335228 0.999404 0.00828853 2.52242 -0.00676145 -0.00806622 0.999945 1.21876
0.999371 -0.0344521 0.00840286 86.5189 0.0343876 0.999379 0.00770541 2.56038 -0.00866311 -0.00741161 0.999935 1.23608
0.999298 -0.0357894 0.0110364 87.4813 0.0357255 0.999344 0.00593522 2.62121 -0.0112416 -0.00553677 0.999921 1.24138
0.999256 -0.0365366 0.0123536 88.4843 0.0364731 0.99932 0.00533143 2.64664 -0.01254 -0.00487689 0.999909 1.25481
0.999193 -0.0381715 0.0125218 89.4277 0.038113 0.999262 0.00487731 2.70743 -0.0126987 -0.00439613 0.99991 1.26403
0.999082 -0.0411245 0.0119744 90.3204 0.0410687 0.999144 0.00486791 2.74926 -0.0121643 -0.00437167 0.999916 1.28209
0.998916 -0.0451858 0.0111649 91.2484 0.0451479 0.998974 0.00362624 2.76225 -0.0113173 -0.00311824 0.999931 1.27825
0.998758 -0.0485189 0.0113623 92.1448 0.0484814 0.998818 0.00355261 2.83305 -0.0115212 -0.00299734 0.999929 1.28889
0.998603 -0.051366 0.0123623 92.9949 0.0513032 0.998669 0.00534434 2.89131 -0.0126204 -0.00470265 0.999909 1.29562
0.998461 -0.0537562 0.0136081 93.8765 0.0536877 0.998543 0.00534977 2.90621 -0.0138759 -0.00461095 0.999893 1.30868
0.998266 -0.0569083 0.0150751 94.6437 0.0568206 0.998365 0.0061803 3.01388 -0.0154022 -0.005313 0.999867 1.31185
0.998077 -0.0599363 0.0158319 95.4197 0.0598254 0.998182 0.00738353 3.03755 -0.0162457 -0.00642218 0.999847 1.31954
0.997942 -0.0620321 0.016236 96.213 0.0618786 0.998036 0.00979178 3.08392 -0.0168115 -0.00876697 0.99982 1.32581
0.997747 -0.0653419 0.0151817 96.91 0.0651847 0.997817 0.0106279 3.13468 -0.015843 -0.00961434 0.999828 1.32833
0.997685 -0.0670369 0.011409 97.5795 0.0668842 0.997672 0.0132742 3.17881 -0.0122724 -0.0124804 0.999847 1.33312
0.997502 -0.0701971 0.00781923 98.3037 0.0700788 0.997436 0.0144946 3.29073 -0.00881666 -0.0139105 0.999864 1.33626
0.997352 -0.0725258 0.00538085 98.9198 0.0724282 0.997236 0.016547 3.31427 -0.00656607 -0.0161135 0.999849 1.3435
0.997336 -0.0728395 0.00391014 99.5332 0.0727572 0.997184 0.0181583 3.37766 -0.00522178 -0.0178255 0.999827 1.35577
0.997357 -0.0725307 0.00418527 100.094 0.0724238 0.997138 0.0216796 3.42502 -0.00574573 -0.0213192 0.999756 1.36842
0.99758 -0.0692937 0.00566814 100.652 0.0691357 0.997307 0.0244702 3.47932 -0.00734851 -0.0240191 0.999684 1.37244
0.997933 -0.0638637 0.00719544 101.194 0.0636491 0.99761 0.0268979 3.51828 -0.00889604 -0.0263843 0.999612 1.38486
0.998349 -0.0566921 0.00927566 101.697 0.0564129 0.998015 0.0280104 3.51918 -0.0108452 -0.0274409 0.999565 1.38993
0.998833 -0.0467652 0.0120556 102.205 0.0464118 0.998527 0.0280992 3.55512 -0.0133519 -0.0275069 0.999532 1.3953
0.999272 -0.0354849 0.0140127 102.677 0.0350903 0.999007 0.0274668 3.56197 -0.0149735 -0.0269551 0.999524 1.40471
0.999654 -0.0217898 0.0147104 103.094 0.0213924 0.999416 0.0266539 3.59878 -0.0152826 -0.0263299 0.999536 1.40506
0.999874 -0.00672919 0.0143703 103.54 0.0063517 0.999638 0.0261548 3.57116 -0.0145411 -0.0260603 0.999555 1.40671
0.999866 0.0110498 0.0121035 103.952 -0.0113558 0.99961 0.025511 3.55536 -0.0118169 -0.025645 0.999601 1.4186
0.999436 0.0324845 0.00852556 104.339 -0.0326916 0.999143 0.0253951 3.54397 -0.00769331 -0.0256595 0.999641 1.41617
0.998355 0.0571549 0.00461816 104.761 -0.0572483 0.998082 0.0235786 3.5351 -0.00326167 -0.0238041 0.999711 1.42869
0.996452 0.084123 0.00242437 105.176 -0.0841554 0.996231 0.0210163 3.46525 -0.000647275 -0.0211458 0.999776 1.43168
0.99347 0.114079 0.00161181 105.562 -0.114088 0.993287 0.0191118 3.41233 0.000579255 -0.0191709 0.999816 1.43113
0.989287 0.145981 -9.50441e-05 105.923 -0.145961 0.989165 0.0157471 3.35887 0.00239278 -0.0155645 0.999876 1.43703
0.983413 0.181376 -0.00119886 106.336 -0.181339 0.98331 0.0147228 3.25608 0.00384922 -0.0142612 0.999891 1.45424
0.97546 0.220166 -0.00203945 106.635 -0.220133 0.975412 0.0106171 3.14838 0.00432683 -0.0099076 0.999942 1.45074
0.965737 0.259511 -0.00258732 107.033 -0.259478 0.965705 0.00927546 3.00613 0.00490568 -0.0082863 0.999954 1.46913
0.953609 0.301036 -0.00275861 107.332 -0.300999 0.953579 0.00935234 2.88808 0.00544594 -0.00808814 0.999952 1.48103
0.938478 0.345332 -0.00210438 107.652 -0.345288 0.938429 0.0112466 2.77579 0.00585862 -0.00982806 0.999935 1.48509
0.920606 0.390493 -0.000471605 108.038 -0.390467 0.920556 0.0105629 2.6039 0.00455887 -0.00954009 0.999944 1.49233
0.901045 0.433725 0.00113909 108.311 -0.433714 0.900995 0.0100166 2.43386 0.00331814 -0.00951945 0.999949 1.48762
0.877946 0.47876 0.000357397 108.66 -0.478742 0.877905 0.00941689 2.23869 0.00419467 -0.00843862 0.999956 1.50096
0.852994 0.52192 -0.00113505 108.894 -0.521889 0.852963 0.00930836 2.08099 0.00582638 -0.0073476 0.999956 1.51798
0.82577 0.563998 -0.00321938 109.226 -0.563938 0.825745 0.0108763 1.84006 0.00879257 -0.00716575 0.999936 1.52183
0.795608 0.605794 -0.00473843 109.425 -0.60568 0.795573 0.0146424 1.63598 0.01264 -0.00877962 0.999882 1.52853
0.761881 0.6477 -0.00467899 109.725 -0.647499 0.761793 0.0204167 1.37915 0.0167883 -0.0125255 0.999781 1.54011
0.725367 0.688355 -0.00325664 109.94 -0.688077 0.725194 0.0253504 1.12897 0.0198118 -0.0161475 0.999673 1.53385
0.686496 0.727124 -0.00359594 110.155 -0.726819 0.686337 0.0259936 0.86807 0.0213686 -0.0152309 0.999656 1.54495
0.645096 0.764094 -0.00342441 110.423 -0.763858 0.644996 0.022382 0.527562 0.0193107 -0.0118228 0.999744 1.5765
0.601993 0.798499 -0.00164829 110.586 -0.798314 0.601896 0.0203822 0.242012 0.0172672 -0.0109541 0.999791 1.56748
0.555611 0.831441 0.00103084 110.802 -0.831315 0.555505 0.0181581 -0.10455 0.0145247 -0.0109458 0.999835 1.57908
0.508201 0.861234 0.00275471 110.958 -0.861155 0.508105 0.0155515 -0.422339 0.0119938 -0.0102755 0.999875 1.57283
0.457771 0.889062 0.00368788 111.165 -0.889035 0.457712 0.0107535 -0.812566 0.00787251 -0.00820128 0.999935 1.62002
0.406855 0.913461 0.00760368 111.269 -0.91347 0.406773 0.0104355 -1.16726 0.00643945 -0.0111915 0.999917 1.60524
0.355902 0.934462 0.0107075 111.394 -0.934477 0.355746 0.0140451 -1.51874 0.00931544 -0.0150046 0.999844 1.61227
0.305087 0.952253 0.011696 111.503 -0.9522 0.304826 0.0199073 -1.9503 0.0153915 -0.0172104 0.999733 1.61346
0.257996 0.966081 0.0111748 111.592 -0.965982 0.257722 0.0213842 -2.2938 0.0177789 -0.0163117 0.999709 1.61865
0.215498 0.976488 0.00559091 111.688 -0.976319 0.215343 0.0207074 -2.75685 0.0190166 -0.00992094 0.99977 1.6374
0.180809 0.983517 -0.00132426 111.702 -0.983324 0.180799 0.019635 -3.17171 0.0195508 -0.002248 0.999806 1.65019
0.149687 0.988721 -0.00491179 111.771 -0.988506 0.149757 0.0206929 -3.63279 0.0211951 0.00175788 0.999774 1.66503
0.122122 0.992514 -0.00164565 111.8 -0.99234 0.122131 0.018609 -4.07574 0.0186707 -0.000639518 0.999825 1.67328
0.0964413 0.995323 0.00557384 111.851 -0.995228 0.0963458 0.0154217 -4.57494 0.0148126 -0.00703454 0.999866 1.67274
0.0722741 0.997324 0.0110219 111.916 -0.997326 0.0721451 0.011689 -5.05032 0.0108625 -0.0118373 0.999871 1.67569
0.0500317 0.998722 0.00720944 111.904 -0.998715 0.0499707 0.00840341 -5.58249 0.00803241 -0.00762062 0.999939 1.69798
0.0295952 0.999561 0.00132877 111.904 -0.999525 0.0295827 0.00860446 -6.11102 0.00856138 -0.00158279 0.999962 1.71032
0.0115875 0.999924 -0.0041456 111.921 -0.999878 0.0116301 0.0104065 -6.68952 0.0104539 0.00402451 0.999937 1.73375
-0.00263917 0.999981 -0.00552835 111.899 -0.999873 -0.00255176 0.0157574 -7.22171 0.015743 0.00556923 0.999861 1.73647
-0.0136375 0.999905 -0.00176165 111.899 -0.999701 -0.0135989 0.0203362 -7.8389 0.0203103 0.00203846 0.999792 1.72817
-0.0200058 0.999792 -0.00403248 111.89 -0.999592 -0.0199192 0.0204738 -8.43701 0.0203892 0.00444043 0.999782 1.732
-0.0229134 0.999687 -0.0100637 111.87 -0.999597 -0.0227403 0.0169969 -9.0791 0.0167627 0.0104491 0.999805 1.76385
-0.023129 0.999672 -0.0109663 111.84 -0.999621 -0.0229614 0.0151705 -9.72653 0.0149137 0.0113131 0.999825 1.77149
-0.0212215 0.99971 -0.0114152 111.843 -0.999673 -0.0210548 0.0145305 -10.4067 0.0142859 0.0117198 0.999829 1.79873
-0.019096 0.999802 -0.00553194 111.813 -0.999708 -0.0190116 0.0149267 -11.0767 0.0148186 0.00581536 0.999873 1.79682
-0.0181502 0.999824 -0.00474395 111.834 -0.999707 -0.0180716 0.0161045 -11.8111 0.0160159 0.00503486 0.999859 1.82511
-0.0171601 0.99984 -0.00513792 111.829 -0.999709 -0.0170701 0.017061 -12.5409 0.0169706 0.00542919 0.999841 1.83422
-0.0160636 0.99986 -0.00463695 111.823 -0.999739 -0.0159861 0.0163088 -13.2824 0.0162324 0.00489771 0.999856 1.84852
-0.0155895 0.99987 -0.00414551 111.821 -0.999764 -0.0155249 0.0151825 -14.0465 0.0151161 0.00438122 0.999876 1.8651
-0.0149023 0.999876 -0.00516502 111.803 -0.999799 -0.0148314 0.0135142 -14.7901 0.013436 0.00536538 0.999895 1.87249
-0.0154546 0.999861 -0.00631363 111.787 -0.999815 -0.015381 0.0115452 -15.5708 0.0114465 0.00649089 0.999913 1.89299
-0.0167151 0.999846 -0.00537115 111.798 -0.999811 -0.0166607 0.0100129 -16.3452 0.00992184 0.00553751 0.999935 1.91238
-0.0184716 0.999825 -0.00291679 111.809 -0.99979 -0.018445 0.00890431 -17.1648 0.00884896 0.00308066 0.999956 1.92248
-0.0191656 0.999799 -0.00591237 111.784 -0.999799 -0.0191306 0.00592145 -17.9609 0.00580715 0.00602467 0.999965 1.94151
-0.0204295 0.999773 -0.0059885 111.768 -0.999784 -0.0204065 0.00387192 -18.7948 0.00374883 0.00606631 0.999975 1.97157
-0.0220379 0.999744 -0.00515637 111.742 -0.999751 -0.0220199 0.00351838 -19.6156 0.00340394 0.00523263 0.999981 1.96661
-0.0227461 0.99974 -0.00159889 111.73 -0.999715 -0.0227338 0.00732387 -20.4094 0.00728562 0.00176502 0.999972 1.9854
-0.0237114 0.999717 -0.0016734 111.731 -0.999652 -0.0236905 0.0115692 -21.2298 0.0115263 0.00194714 0.999932 2.00098
-0.0250654 0.999681 -0.00296966 111.718 -0.999597 -0.0250236 0.0133674 -22.047 0.0132888 0.00330353 0.999906 2.01646
-0.0260688 0.99966 0.000231995 111.711 -0.999594 -0.0260698 0.0114614 -22.9335 0.0114635 6.68837e-05 0.999934 2.03628
-0.0269636 0.999631 0.00331603 111.669 -0.999612 -0.026986 0.00691177 -23.755 0.00699871 -0.00312838 0.999971 2.04935
-0.0273471 0.999615 0.0046512 111.65 -0.999624 -0.0273565 0.00198706 -24.6147 0.00211353 -0.00459511 0.999987 2.06966
-0.0272825 0.999598 0.00767084 111.628 -0.999622 -0.0272548 -0.00369619 -25.4668 -0.00348564 -0.00776878 0.999964 2.07873
-0.0271382 0.999578 0.0104041 111.61 -0.999622 -0.0270906 -0.00468738 -26.3248 -0.00440354 -0.0105274 0.999935 2.07886
-0.02644 0.999621 0.00772764 111.596 -0.999649 -0.0264516 0.00139868 -27.1777 0.00160256 -0.00768794 0.999969 2.10711
-0.0256678 0.999655 0.00564238 111.593 -0.999605 -0.0257303 0.0112976 -27.9601 0.0114389 -0.00535017 0.99992 2.13243
-0.0252741 0.999669 0.00479928 111.562 -0.999541 -0.0253505 0.0165828 -28.8101 0.0166989 -0.00437797 0.999851 2.14804
-0.0244727 0.999697 0.00276386 111.558 -0.999626 -0.0245046 0.0121601 -29.6388 0.0122242 -0.00246524 0.999922 2.14351
-0.0224405 0.999748 -0.000491124 111.515 -0.999738 -0.0224381 0.00444124 -30.4661 0.0044291 0.000590659 0.99999 2.16709
-0.0225355 0.999744 -0.00176996 111.501 -0.999745 -0.0225329 0.00144318 -31.3069 0.00140293 0.00180204 0.999997 2.1918
-0.0228922 0.999738 -0.00051225 111.509 -0.999737 -0.0228913 0.00155597 -32.1212 0.00154383 0.000547735 0.999999 2.21413
-0.0243581 0.999698 0.00309801 111.506 -0.9997 -0.0243656 0.00238299 -32.9655 0.00245775 -0.00303904 0.999992 2.23424
-0.0258535 0.999657 0.00414263 111.489 -0.999663 -0.0258634 0.0023379 -33.7489 0.00244424 -0.00408079 0.999989 2.24259
-0.0283097 0.99959 0.00432676 111.465 -0.999595 -0.0283211 0.00260279 -34.5473 0.00272426 -0.00425132 0.999987 2.25671
-0.0298513 0.99954 0.00539945 111.452 -0.999551 -0.0298654 0.00255303 -35.3501 0.00271311 -0.00532081 0.999982 2.28044
-0.0316581 0.99947 0.00762512 111.418 -0.999494 -0.0316796 0.00271276 -36.1387 0.00295288 -0.00753538 0.999967 2.28317
-0.0342689 0.999372 0.00905033 111.418 -0.99941 -0.0342874 0.00190201 -36.9494 0.00221113 -0.00897981 0.999957 2.29467
-0.0354314 0.999328 0.00941789 111.37 -0.999372 -0.0354388 0.000619608 -37.744 0.00095295 -0.00939002 0.999955 2.31851
-0.0374223 0.999256 0.00931766 111.358 -0.999299 -0.0374304 0.000699119 -38.5148 0.00104736 -0.00928497 0.999956 2.32274
-0.039807 0.99916 0.00969671 111.342 -0.999206 -0.0398211 0.00125695 -39.3183 0.00164202 -0.00963897 0.999952 2.33734
-0.0413108 0.999108 0.00875691 111.325 -0.999145 -0.0413228 0.00118766 -40.1044 0.00154846 -0.00870036 0.999961 2.34971
-0.0419497 0.999088 0.00792907 111.279 -0.99912 -0.0419515 6.04819e-05 -40.8506 0.000393063 -0.00791955 0.999969 2.36794
-0.0433558 0.999034 0.00721388 111.243 -0.99906 -0.0433503 -0.000910695 -41.6239 -0.000597091 -0.00724658 0.999974 2.39014
-0.045241 0.998946 0.00781211 111.219 -0.998976 -0.0452336 -0.00111306 -42.3621 -0.000758513 -0.00785446 0.999969 2.39218
-0.0457647 0.998913 0.00888842 111.181 -0.998951 -0.0457489 -0.0019753 -43.1383 -0.00156651 -0.0089695 0.999959 2.41636
-0.046761 0.998852 0.0103782 111.166 -0.998901 -0.0467267 -0.00353017 -43.8601 -0.00304118 -0.0105319 0.99994 2.41917
-0.0473976 0.998819 0.0106477 111.145 -0.998871 -0.0473613 -0.00363864 -44.5878 -0.00313006 -0.0108081 0.999937 2.42756
-0.0475348 0.998806 0.0112674 111.102 -0.998869 -0.0475198 -0.00159569 -45.2902 -0.00105837 -0.0113305 0.999935 2.43237
-0.0479141 0.998799 0.0102004 111.092 -0.99885 -0.0479264 0.000956667 -45.9797 0.00144439 -0.0101429 0.999948 2.46622
-0.0477865 0.998784 0.012117 111.053 -0.998852 -0.0478242 0.00284439 -46.684 0.00342042 -0.0119672 0.999923 2.46998
-0.0479362 0.998782 0.0117064 111.023 -0.998842 -0.0479793 0.00343535 -47.3844 0.00399283 -0.0115282 0.999926 2.4923
-0.0475229 0.998812 0.0107983 110.996 -0.998862 -0.0475626 0.00344875 -48.0601 0.00395825 -0.0106221 0.999936 2.49483
-0.0479791 0.998794 0.010457 110.949 -0.998843 -0.0480093 0.0026541 -48.7835 0.00315293 -0.0103176 0.999942 2.51033
-0.0482157 0.998747 0.0134354 110.948 -0.998829 -0.0482631 0.00323227 -49.4542 0.00387665 -0.0132638 0.999905 2.51116
-0.048294 0.998713 0.0155154 110.919 -0.998826 -0.0483471 0.00306558 -50.1048 0.00381176 -0.0153492 0.999875 2.52855
-0.04854 0.998714 0.014603 110.88 -0.998819 -0.0485685 0.00160371 -50.803 0.0023109 -0.0145079 0.999892 2.54065
-0.0495094 0.998674 0.0141329 110.857 -0.998773 -0.0495253 0.000779355 -51.4737 0.00147825 -0.0140769 0.9999 2.56336
-0.0530157 0.998449 0.0169995 110.814 -0.998593 -0.0530198 -0.000210148 -52.1294 0.000691487 -0.0169867 0.999855 2.58175
-0.0583104 0.998123 0.0187208 110.812 -0.998297 -0.0583293 0.000466324 -52.8429 0.00155742 -0.0186618 0.999825 2.58202
-0.0642193 0.99778 0.0176389 110.764 -0.997927 -0.0642844 0.00314844 -53.4812 0.00427536 -0.0174002 0.999839 2.61473
-0.070336 0.997396 0.015916 110.7 -0.997497 -0.0704414 0.00615645 -54.1552 0.00726156 -0.0154431 0.999854 2.60496
-0.0773097 0.996817 0.0194763 110.638 -0.99697 -0.07746 0.00708329 -54.8348 0.00856938 -0.0188697 0.999785 2.62764
-0.0834792 0.99627 0.0218276 110.6 -0.996475 -0.0836381 0.00647066 -55.5123 0.00827214 -0.0212105 0.999741 2.63552
-0.0893126 0.995771 0.021525 110.553 -0.995977 -0.0894482 0.00542023 -56.2217 0.00732268 -0.0209543 0.999754 2.65807
-0.0938053 0.995303 0.0239371 110.496 -0.995562 -0.093959 0.00537813 -56.8806 0.00760198 -0.0233264 0.999699 2.67365
-0.0980946 0.994808 0.0270965 110.447 -0.99515 -0.0982574 0.00474248 -57.5696 0.00738029 -0.0264999 0.999622 2.67846
-0.100697 0.994571 0.0262459 110.355 -0.994908 -0.100773 0.00157217 -58.2728 0.00420852 -0.025954 0.999654 2.69801
-0.102125 0.994541 0.0214071 110.287 -0.994771 -0.102128 -0.000976847 -59.003 0.00121475 -0.0213949 0.99977 2.6979
-0.104162 0.994302 0.0226546 110.227 -0.994559 -0.104098 -0.00396952 -59.6917 -0.00158859 -0.0229448 0.999735 2.71742
-0.105084 0.994243 0.0209549 110.136 -0.994461 -0.105017 -0.00427671 -60.4316 -0.00205148 -0.0212882 0.999771 2.71514
-0.10557 0.994191 0.0209367 110.074 -0.994411 -0.105575 -0.000856435 -61.0965 0.00135893 -0.0209101 0.99978 2.73357
-0.107143 0.994106 0.0165283 110.012 -0.994235 -0.107195 0.00232813 -61.9313 0.00408617 -0.0161836 0.999861 2.73996
-0.107553 0.994143 0.0105887 109.91 -0.994166 -0.10763 0.00703645 -62.6375 0.0081349 -0.00977017 0.999919 2.75897
-0.107729 0.994114 0.0114823 109.826 -0.994135 -0.107827 0.00825714 -63.3589 0.00944664 -0.0105254 0.9999 2.74782
-0.107646 0.994118 0.0118961 109.767 -0.994161 -0.107725 0.00625609 -64.1166 0.0075008 -0.0111532 0.99991 2.77168
-0.10832 0.994044 0.0119349 109.686 -0.994109 -0.108356 0.0024233 -64.8886 0.00370209 -0.0116021 0.999926 2.7632
-0.108165 0.994097 0.00845629 109.594 -0.994133 -0.108166 -0.0003278 -65.5987 0.000588816 -0.00844213 0.999964 2.79609
-0.109412 0.993976 0.00638641 109.522 -0.993996 -0.109412 -0.000304024 -66.3345 0.000396561 -0.00638133 0.99998 2.79394
-0.111117 0.993772 0.00837688 109.455 -0.993806 -0.111124 0.000397274 -67.1212 0.00132567 -0.00828085 0.999965 2.80619
-0.11284 0.993571 0.00914089 109.353 -0.993611 -0.112853 0.000865964 -67.846 0.00189197 -0.00898478 0.999958 2.83254
-0.115067 0.993323 0.00829952 109.278 -0.993356 -0.11508 0.00113516 -68.5651 0.00208269 -0.00811375 0.999965 2.8317
-0.116922 0.993109 0.00799248 109.204 -0.993139 -0.116935 0.00124828 -69.3485 0.00217428 -0.00779169 0.999967 2.85749
-0.119121 0.992844 0.00842594 109.132 -0.992878 -0.119132 0.000778738 -70.0839 0.00177696 -0.00827317 0.999964 2.86452
-0.120272 0.992707 0.00825985 109.031 -0.992739 -0.120283 0.000816139 -70.8204 0.00180371 -0.00810172 0.999966 2.87638
-0.12169 0.992507 0.011031 108.96 -0.992563 -0.121719 0.00199731 -71.5931 0.00332502 -0.0107059 0.999937 2.88836
-0.122964 0.992349 0.0110591 108.881 -0.992402 -0.123002 0.00283059 -72.352 0.00416922 -0.010627 0.999935 2.8923
-0.124225 0.992187 0.011569 108.794 -0.992246 -0.124264 0.00267474 -73.1003 0.00409145 -0.011147 0.999929 2.91385
-0.125086 0.992074 0.0119289 108.672 -0.992142 -0.125109 0.00112451 -73.906 0.00260801 -0.0116945 0.999928 2.91614
-0.126019 0.991946 0.0127657 108.59 -0.992028 -0.126017 -0.000949145 -74.6536 0.000667189 -0.0127835 0.999918 2.92886
-0.127571 0.991723 0.014539 108.484 -0.991828 -0.127536 -0.0033113 -75.4372 -0.00142965 -0.0148426 0.999889 2.93674
-0.129965 0.991416 0.0142392 108.394 -0.991516 -0.12992 -0.00404866 -76.2192 -0.00216394 -0.0146446 0.99989 2.94692
-0.131726 0.991193 0.0135966 108.292 -0.991284 -0.131685 -0.00386798 -76.9966 -0.00204344 -0.0139876 0.9999 2.96515
-0.134017 0.990884 0.0137123 108.194 -0.990978 -0.133988 -0.00306148 -77.7656 -0.00119629 -0.0139989 0.999901 2.96244
-0.135646 0.990667 0.0134106 108.077 -0.990753 -0.135675 0.0012717 -78.6141 0.00307932 -0.0131141 0.999909 2.96738
-0.136146 0.990622 0.0115138 107.984 -0.990672 -0.136202 0.00422074 -79.4015 0.00574937 -0.0108318 0.999925 2.97946
-0.136711 0.990557 0.0103552 107.858 -0.990571 -0.136791 0.00752722 -80.2112 0.00887264 -0.00922852 0.999918 3.00783
-0.136623 0.990581 0.00918199 107.759 -0.990575 -0.136702 0.00863878 -81.0274 0.00981261 -0.00791519 0.999921 3.01198
-0.136511 0.990621 0.00594824 107.649 -0.990605 -0.136554 0.00735934 -81.8499 0.00810257 -0.00488772 0.999955 3.05929
-0.136298 0.990657 0.00464975 107.518 -0.990644 -0.136326 0.00633186 -82.729 0.00690658 -0.00374322 0.999969 3.05832
-0.135956 0.990702 0.00498765 107.422 -0.990699 -0.135981 0.00500375 -83.5603 0.00563545 -0.00426097 0.999975 3.06732
-0.133562 0.991028 0.00491661 107.306 -0.991037 -0.133574 0.0021036 -84.3859 0.00274145 -0.00459158 0.999986 3.07354
-0.131959 0.991248 0.0038977 107.203 -0.991255 -0.131959 -0.0001515 -85.219 0.000364162 -0.00388361 0.999992 3.0893
-0.130453 0.99145 0.00307803 107.087 -0.991447 -0.13044 -0.00421381 -86.0727 -0.00377628 -0.00360141 0.999986 3.09925
-0.128637 0.991685 0.00360595 106.98 -0.991685 -0.128622 -0.00411464 -86.9247 -0.00361663 -0.00410526 0.999985 3.10959
-0.127053 0.991885 0.00457295 106.883 -0.991896 -0.127053 -0.000347283 -87.7475 0.000236539 -0.00458001 0.999989 3.11172
-0.125581 0.99207 0.00507082 106.782 -0.992064 -0.125609 0.00553666 -88.6141 0.0061297 -0.00433528 0.999972 3.1306
-0.123782 0.992273 0.00847262 106.676 -0.992266 -0.123851 0.00827587 -89.465 0.00926127 -0.00738269 0.99993 3.1722
-0.122425 0.992449 0.0075236 106.581 -0.992447 -0.122477 0.00688961 -90.3221 0.00775905 -0.00662332 0.999948 3.14214
-0.12146 0.992576 0.00638425 106.482 -0.992583 -0.121489 0.00435934 -91.1834 0.00510259 -0.00580742 0.99997 3.17285
-0.120432 0.992699 0.00674924 106.369 -0.992716 -0.120451 0.00249051 -92.0473 0.00328528 -0.00640015 0.999974 3.17608
-0.119515 0.992811 0.00657906 106.28 -0.992828 -0.119532 0.00216653 -92.927 0.00293736 -0.00627295 0.999976 3.19987
-0.119348 0.99283 0.00669129 106.18 -0.99285 -0.11936 0.00142808 -93.7654 0.00221652 -0.00647301 0.999977 3.22232
-0.118687 0.992916 0.00557125 106.07 -0.992931 -0.11869 0.000187428 -94.652 0.00084735 -0.00550963 0.999984 3.21619
-0.117676 0.99305 0.00192842 105.97 -0.993052 -0.117675 -0.000615971 -95.4703 -0.000384763 -0.00198751 0.999998 3.2368
-0.117037 0.993127 0.000914179 105.872 -0.993127 -0.117037 0.000339304 -96.3713 0.000443965 -0.000868186 1 3.25413
-0.116462 0.993195 -8.70646e-05 105.782 -0.993193 -0.116461 0.00199449 -97.2156 0.00197078 0.000318754 0.999998 3.27682
-0.115739 0.993269 0.0046659 105.689 -0.993275 -0.115752 0.00260483 -98.0616 0.00312738 -0.00433304 0.999986 3.28738
-0.115 0.993344 0.00647595 105.61 -0.993365 -0.115003 2.1649e-05 -98.9053 0.000766258 -0.00643049 0.999979 3.29806
-0.115194 0.993278 0.0113576 105.51 -0.993342 -0.115168 -0.00295215 -99.7638 -0.00162427 -0.0116221 0.999931 3.3139
-0.116 0.993165 0.0129534 105.431 -0.993249 -0.115988 -0.00171216 -100.611 -0.000198024 -0.0130645 0.999915 3.32271
-0.116986 0.992982 0.0173381 105.351 -0.993126 -0.117035 0.00187926 -101.445 0.00389524 -0.016999 0.999848 3.34802
-0.117917 0.99285 0.0185831 105.257 -0.993001 -0.11802 0.00453948 -102.308 0.0067002 -0.0179178 0.999817 3.35623
-0.118368 0.992809 0.0178805 105.168 -0.992943 -0.118477 0.00516254 -103.143 0.00724385 -0.0171433 0.999827 3.37077
-0.119283 0.992703 0.0176724 105.073 -0.99284 -0.119376 0.0042967 -103.961 0.00637501 -0.0170334 0.999835 3.3852
-0.119645 0.992692 0.0157488 104.966 -0.992794 -0.119733 0.00480156 -104.787 0.00665213 -0.0150609 0.999864 3.41138
-0.120149 0.992642 0.0150433 104.869 -0.992713 -0.120271 0.0075111 -105.584 0.00926511 -0.0140312 0.999859 3.43167
-0.120221 0.992622 0.0157354 104.767 -0.992689 -0.12037 0.00891475 -106.407 0.0107431 -0.0145486 0.999836 3.44655
-0.121919 0.99239 0.0172781 104.688 -0.992485 -0.122077 0.00844679 -107.231 0.0104918 -0.0161184 0.999815 3.47154
-0.124027 0.992113 0.0181156 104.599 -0.992231 -0.12418 0.00757883 -108.018 0.00976867 -0.0170349 0.999807 3.48948
-0.12716 0.991686 0.0197331 104.485 -0.991819 -0.127352 0.00875702 -108.821 0.0111972 -0.0184581 0.999767 3.49456
-0.130403 0.991262 0.0198767 104.401 -0.991369 -0.130638 0.0110126 -109.643 0.013513 -0.0182691 0.999742 3.53187
-0.133735 0.990773 0.0219751 104.282 -0.990908 -0.134017 0.0118998 -110.398 0.0147351 -0.0201839 0.999688 3.55453
-0.1372 0.990314 0.0213317 104.19 -0.990431 -0.137477 0.0121027 -111.169 0.0149181 -0.019467 0.999699 3.57657
-0.139729 0.989961 0.0212887 104.094 -0.99009 -0.139988 0.01122 -111.95 0.0140875 -0.01951 0.99971 3.59694
-0.142299 0.989606 0.0207512 103.971 -0.989722 -0.142553 0.0113125 -112.703 0.0141531 -0.0189282 0.999721 3.62247
-0.14471 0.989183 0.0240168 103.875 -0.989299 -0.145098 0.0152807 -113.484 0.0186002 -0.0215485 0.999595 3.65177
-0.145931 0.988944 0.0263545 103.787 -0.988957 -0.146525 0.0222277 -114.239 0.0258436 -0.0228197 0.999406 3.67842
-0.148555 0.988607 0.0242235 103.646 -0.988513 -0.149141 0.0244733 -114.987 0.0278072 -0.0203096 0.999407 3.70941
-0.151625 0.988209 0.021277 103.558 -0.988091 -0.152107 0.0232295 -115.757 0.026192 -0.0175014 0.999504 3.74859
-0.154268 0.987786 0.0219181 103.432 -0.98782 -0.154654 0.0171182 -116.528 0.0202988 -0.0190104 0.999613 3.75486
-0.156894 0.987335 0.0235289 103.305 -0.987451 -0.157258 0.0144984 -117.291 0.0180149 -0.0209589 0.999618 3.77153
-0.15893 0.986997 0.0240522 103.206 -0.987097 -0.159333 0.0158781 -118.028 0.019504 -0.0212183 0.999585 3.81055
-0.161091 0.986546 0.027887 103.09 -0.986669 -0.161644 0.0188554 -118.787 0.0231095 -0.0244778 0.999433 3.83661
-0.164023 0.986049 0.0283493 102.97 -0.986107 -0.164662 0.0218793 -119.529 0.0262421 -0.0243667 0.999359 3.85578
-0.165746 0.985833 0.0257189 102.842 -0.985728 -0.166395 0.0255721 -120.264 0.0294893 -0.0211133 0.999342 3.89126
-0.168047 0.985438 0.0259275 102.743 -0.98522 -0.16878 0.0292555 -121.016 0.0332055 -0.020628 0.999236 3.93458
-0.170728 0.984915 0.0281718 102.618 -0.984666 -0.171586 0.0314828 -121.717 0.0358417 -0.0223648 0.999107 3.96353
-0.173708 0.984447 0.026275 102.479 -0.984216 -0.17446 0.0297095 -122.473 0.0338314 -0.0206995 0.999213 3.99107
-0.177606 0.983824 0.0233682 102.33 -0.983625 -0.178208 0.0268874 -123.203 0.0306169 -0.0182102 0.999365 4.01348
-0.182781 0.982913 0.0217338 102.2 -0.982756 -0.183291 0.0243901 -123.919 0.0279569 -0.0169009 0.999466 4.05912
-0.189785 0.981576 0.0221273 102.073 -0.981459 -0.190282 0.023032 -124.681 0.0268181 -0.0173459 0.99949 4.07874
-0.197448 0.980033 0.0234378 101.938 -0.97993 -0.197984 0.0232512 -125.396 0.0274272 -0.0183765 0.999455 4.1104
-0.208216 0.977798 0.0235944 101.79 -0.977689 -0.208756 0.0233418 -126.096 0.027749 -0.0182078 0.999449 4.14239
-0.219848 0.975201 0.0254816 101.641 -0.975128 -0.220435 0.0230874 -126.817 0.0281319 -0.0197721 0.999409 4.16749
-0.231906 0.97243 0.0244962 101.46 -0.972303 -0.232482 0.0240651 -127.52 0.0290965 -0.0182369 0.99941 4.20932
-0.243395 0.969667 0.0224655 101.28 -0.969495 -0.243913 0.0242143 -128.207 0.0289594 -0.0158866 0.999454 4.23849
-0.255589 0.966576 0.0201265 101.095 -0.966375 -0.256032 0.0238023 -128.916 0.0281598 -0.0133662 0.999514 4.26358
-0.265336 0.964035 0.0152446 100.902 -0.963772 -0.265643 0.0240289 -129.601 0.0272143 -0.00831658 0.999595 4.30319
-0.274468 0.961516 0.0124387 100.695 -0.961234 -0.274697 0.0239079 -130.313 0.0264047 -0.00539449 0.999637 4.32653
-0.282705 0.959175 0.00788595 100.487 -0.958873 -0.282814 0.0240777 -130.992 0.025325 -0.000754745 0.999679 4.35789
-0.288958 0.957312 0.00754068 100.285 -0.957015 -0.289056 0.0238616 -131.661 0.0250227 -0.000321531 0.999687 4.39072
-0.294086 0.955776 0.0025349 100.047 -0.955534 -0.29407 0.0218656 -132.363 0.0216441 0.00400819 0.999758 4.42463
-0.296396 0.955054 -0.00461645 99.8364 -0.95491 -0.296258 0.0194549 -133.012 0.0172128 0.0101747 0.9998 4.44109
-0.29762 0.954643 -0.00893869 99.6393 -0.954584 -0.29744 0.0172752 -133.707 0.0138329 0.0136742 0.999811 4.47565
-0.298586 0.954242 -0.0164244 99.398 -0.954306 -0.298299 0.017817 -134.394 0.0121023 0.0209938 0.999706 4.46461
-0.298178 0.954427 -0.0125946 99.2073 -0.954377 -0.29789 0.0206638 -135.041 0.0159703 0.0181815 0.999707 4.50799
-0.297634 0.954604 -0.0120213 99.019 -0.95449 -0.297299 0.0237221 -135.708 0.0190712 0.0185347 0.999646 4.53892
-0.296707 0.954897 -0.0116624 98.778 -0.954771 -0.296375 0.0239647 -136.357 0.0194274 0.0182454 0.999645 4.54789
-0.294907 0.955424 -0.0139198 98.5961 -0.955375 -0.294571 0.0220396 -137.001 0.0169568 0.0197983 0.99966 4.56322
-0.293403 0.955811 -0.0184437 98.3877 -0.955882 -0.293027 0.0206239 -137.613 0.0143081 0.0236812 0.999617 4.58578
-0.291045 0.956504 -0.019796 98.1789 -0.956612 -0.290659 0.02026 -138.329 0.0136249 0.0248336 0.999599 4.61199
-0.288873 0.95718 -0.0189392 97.9972 -0.957235 -0.288448 0.0223277 -138.951 0.0159087 0.0245792 0.999571 4.64215
-0.285088 0.958312 -0.0190354 97.8128 -0.958356 -0.284642 0.0230787 -139.569 0.0166983 0.0248222 0.999552 4.65565
-0.279861 0.959827 -0.0202628 97.6159 -0.959904 -0.279402 0.0227952 -140.22 0.016218 0.0258298 0.999535 4.6734
-0.27509 0.961192 -0.0208498 97.4571 -0.961305 -0.27466 0.0213137 -140.84 0.0147599 0.0259062 0.999555 4.68589
-0.269679 0.962692 -0.0222963 97.2881 -0.962867 -0.269279 0.019388 -141.449 0.0126607 0.0266969 0.999563 4.70871
-0.265644 0.963778 -0.0237744 97.1286 -0.964009 -0.265265 0.0179254 -142.082 0.0109696 0.0276805 0.999557 4.73724
-0.262151 0.964709 -0.0247688 96.965 -0.964974 -0.261781 0.0172151 -142.677 0.0101235 0.0284142 0.999545 4.75747
-0.25853 0.9656 -0.0279176 96.7809 -0.965966 -0.258158 0.0162571 -143.287 0.00849072 0.0311704 0.999478 4.76127
-0.254338 0.966614 -0.0311326 96.6043 -0.967101 -0.254027 0.0136386 -143.889 0.00527479 0.0335772 0.999422 4.78919
-0.25014 0.967719 -0.0308325 96.48 -0.968197 -0.249848 0.013041 -144.5 0.00491652 0.033114 0.999439 4.801
-0.246865 0.968657 -0.0276014 96.3144 -0.969029 -0.246573 0.0135731 -145.075 0.00634191 0.0300973 0.999527 4.81752
-0.242793 0.969652 -0.0287369 96.1864 -0.970041 -0.242418 0.0159101 -145.682 0.00846094 0.0317388 0.99946 4.82984
-0.237247 0.971015 -0.0290574 96.0533 -0.971375 -0.236751 0.019491 -146.25 0.0120466 0.0328498 0.999388 4.86017
-0.230709 0.972601 -0.0286654 95.9051 -0.97293 -0.23018 0.0205953 -146.83 0.0134328 0.0326409 0.999377 4.85665
-0.221802 0.974762 -0.0253621 95.7869 -0.975009 -0.22137 0.0187617 -147.384 0.0126738 0.0288896 0.999502 4.8775
-0.211203 0.977064 -0.0271719 95.6688 -0.977379 -0.210793 0.0172021 -148.017 0.01108 0.0301904 0.999483 4.89805
-0.1988 0.979651 -0.0276118 95.5708 -0.97999 -0.198427 0.0156744 -148.597 0.00987652 0.0301753 0.999496 4.9127
-0.1858 0.982168 -0.0287008 95.4416 -0.982546 -0.185445 0.0145994 -149.112 0.00901665 0.0309124 0.999481 4.92224
-0.170407 0.984987 -0.0276019 95.3726 -0.985333 -0.170077 0.0139091 -149.673 0.00900579 0.0295672 0.999522 4.94067
-0.15207 0.988029 -0.0259684 95.2888 -0.988332 -0.151781 0.0127818 -150.264 0.00868731 0.0276091 0.999581 4.94764
-0.130387 0.991135 -0.0255231 95.2005 -0.991421 -0.130101 0.0125474 -150.846 0.00911553 0.0269402 0.999595 4.96897
-0.108487 0.993789 -0.0247704 95.1756 -0.994049 -0.108203 0.0125726 -151.406 0.00981433 0.025987 0.999614 4.97839
-0.0860073 0.996092 -0.0200741 95.1419 -0.996231 -0.0857571 0.0130065 -151.984 0.0112341 0.0211171 0.999714 5.00258
-0.0648362 0.997784 -0.0149268 95.1045 -0.997801 -0.0646159 0.0147961 -152.508 0.0137988 0.0158533 0.999779 5.01617
-0.0452272 0.998907 -0.011763 95.1097 -0.998853 -0.0450334 0.0162489 -153.067 0.0157014 0.0124844 0.999799 5.03537
-0.0286229 0.999558 -0.0079771 95.115 -0.999461 -0.0284898 0.0163281 -153.666 0.0160936 0.00844015 0.999835 5.0492
-0.0189999 0.999819 1.42712e-05 95.1282 -0.99971 -0.0189981 0.0148186 -154.216 0.0148162 0.000267286 0.99989 5.05416
-0.015937 0.99986 0.00506014 95.1456 -0.999796 -0.0159984 0.0123445 -154.729 0.0124237 -0.00486238 0.999911 5.07853
-0.0213935 0.999704 0.0115477 95.1556 -0.999731 -0.0214949 0.00872504 -155.31 0.00897067 -0.0113579 0.999895 5.0884
-0.0343506 0.999316 0.0136634 95.1312 -0.999391 -0.0344313 0.00571438 -155.898 0.00618092 -0.0134588 0.99989 5.10038
-0.0488794 0.998658 0.0170983 95.1096 -0.998796 -0.0489419 0.00325493 -156.39 0.00408739 -0.0169187 0.999849 5.0967
-0.0611619 0.998045 0.0128973 95.0371 -0.998123 -0.061197 0.00234111 -156.975 0.0031258 -0.0127299 0.999914 5.12176
-0.0731649 0.99723 0.0133776 95.0166 -0.997318 -0.073184 0.000941072 -157.485 0.00191749 -0.0132729 0.99991 5.14029
-0.086606 0.996093 0.0172555 94.9758 -0.996242 -0.0866123 -0.000379423 -157.982 0.0011166 -0.0172235 0.999851 5.13543
-0.103794 0.994363 0.02165 94.919 -0.994599 -0.103766 -0.00239352 -158.563 -0.000133497 -0.0217815 0.999763 5.14515
-0.120772 0.992449 0.0214194 94.8664 -0.99268 -0.120745 -0.00256641 -159.042 3.92561e-05 -0.0215726 0.999767 5.15893
-0.136955 0.99037 0.020246 94.76 -0.990577 -0.136916 -0.00334767 -159.524 -0.000543433 -0.0205137 0.999789 5.15556
-0.150775 0.988403 0.0180658 94.692 -0.988563 -0.150693 -0.00585753 -160.071 -0.00306721 -0.0187424 0.99982 5.16769
-0.164946 0.986125 0.0187057 94.5855 -0.986293 -0.164832 -0.00749972 -160.59 -0.00431236 -0.0196864 0.999797 5.17867
-0.177878 0.983838 0.020529 94.5258 -0.984042 -0.17774 -0.00836706 -161.049 -0.00458302 -0.0216897 0.999754 5.18748
-0.190428 0.981469 0.0213414 94.4399 -0.981687 -0.190263 -0.00951874 -161.57 -0.00528188 -0.0227632 0.999727 5.18709
-0.201631 0.979325 0.0163317 94.3018 -0.97945 -0.201521 -0.00813894 -162.057 -0.00467948 -0.0176371 0.999834 5.19082
-0.212061 0.977108 0.0170489 94.184 -0.977252 -0.211977 -0.00659758 -162.571 -0.00283256 -0.0180602 0.999833 5.19627
-0.219499 0.975487 0.0156625 94.0866 -0.97561 -0.219433 -0.00582952 -163.026 -0.00224976 -0.0165601 0.99986 5.20648
-0.224424 0.974375 0.0150518 93.9691 -0.974489 -0.224359 -0.00590252 -163.518 -0.00237428 -0.0159924 0.999869 5.20784
-0.2274 0.973675 0.0157236 93.8706 -0.973796 -0.227313 -0.00711105 -163.97 -0.00334967 -0.0169286 0.999851 5.21012
-0.229523 0.973177 0.0156997 93.749 -0.973292 -0.229413 -0.00850736 -164.454 -0.00467745 -0.017233 0.999841 5.22653
-0.230098 0.973077 0.0132395 93.6323 -0.973153 -0.23 -0.00851886 -164.926 -0.00524444 -0.0148442 0.999876 5.2317
-0.231678 0.972694 0.0138759 93.5402 -0.972776 -0.231567 -0.00912833 -165.388 -0.00566586 -0.015613 0.999862 5.24424
-0.233923 0.972202 0.0101862 93.4191 -0.972245 -0.233859 -0.00704359 -165.856 -0.00446565 -0.0115512 0.999923 5.24191
-0.237106 0.971377 0.0144079 93.3164 -0.971482 -0.237047 -0.00567128 -166.318 -0.0020936 -0.0153417 0.99988 5.25163
-0.240773 0.970456 0.0155711 93.1817 -0.970581 -0.240727 -0.00479517 -166.818 -0.000905115 -0.0162676 0.999867 5.25417
-0.24623 0.969049 0.0177456 93.087 -0.969211 -0.246176 -0.00516981 -167.284 -0.000641263 -0.0184722 0.999829 5.25354
-0.251569 0.967677 0.0177284 92.9479 -0.967837 -0.251487 -0.00673348 -167.799 -0.00205737 -0.0188521 0.99982 5.25704
-0.257324 0.966216 0.014549 92.8129 -0.966323 -0.257262 -0.00603993 -168.287 -0.00209298 -0.0156133 0.999876 5.27138
-0.262503 0.964841 0.0131861 92.6639 -0.96493 -0.262459 -0.00500901 -168.821 -0.00137207 -0.0140386 0.999901 5.27239
-0.268418 0.963204 0.0137538 92.5274 -0.963303 -0.268393 -0.00362922 -169.327 0.000195761 -0.0142233 0.999899 5.26966
-0.27412 0.961595 0.0138899 92.3818 -0.961695 -0.274111 -0.00256688 -169.841 0.00133907 -0.0140615 0.9999 5.2873
-0.279792 0.959959 0.0139437 92.249 -0.960057 -0.2798 -0.00140258 -170.374 0.00255504 -0.0137792 0.999902 5.27652
-0.284602 0.958595 0.00982687 92.0728 -0.958642 -0.284616 -4.99708e-05 -170.899 0.00274898 -0.00943467 0.999952 5.28072
-0.288978 0.957306 0.00746463 91.8845 -0.957332 -0.28899 0.000527875 -171.437 0.00266254 -0.00699358 0.999972 5.28674
-0.293282 0.95599 0.00825969 91.7391 -0.956024 -0.293289 -0.000374204 -172.006 0.00206474 -0.0080062 0.999966 5.29948
-0.297052 0.954844 0.00569261 91.5636 -0.954861 -0.297043 -0.00237272 -172.536 -0.000574629 -0.00614047 0.999981 5.30711
-0.299699 0.954019 0.00537808 91.3878 -0.954029 -0.299676 -0.00469977 -173.113 -0.00287199 -0.00653936 0.999974 5.29136
-0.302572 0.953127 8.60421e-05 91.2175 -0.9531 -0.302562 -0.00756363 -173.645 -0.00718307 -0.00237055 0.999971 5.31382
-0.304628 0.952469 -0.00212065 91.04 -0.95243 -0.304634 -0.00867638 -174.222 -0.00891001 -0.0006233 0.99996 5.32651
-0.305308 0.952252 -0.00199675 90.865 -0.952208 -0.305313 -0.00910514 -174.741 -0.00928002 -0.000878546 0.999957 5.31097
-0.305946 0.952048 -0.000981396 90.6805 -0.952009 -0.305943 -0.00880916 -175.323 -0.008687 -0.00176083 0.999961 5.33164
-0.304981 0.952356 -0.00214764 90.5197 -0.95233 -0.304989 -0.0069813 -175.841 -0.00730369 -8.39074e-05 0.999973 5.32321
-0.303863 0.952712 -0.00274887 90.3215 -0.952688 -0.303874 -0.00675871 -176.372 -0.00727441 0.000565101 0.999973 5.32521
-0.302314 0.953205 -0.00259027 90.1749 -0.95318 -0.302325 -0.0068558 -176.948 -0.00731809 0.000396389 0.999973 5.33705
-0.299799 0.953999 -0.00237533 90.0197 -0.953976 -0.299809 -0.0066916 -177.488 -0.00709593 0.00025987 0.999975 5.33425
-0.296873 0.954911 -0.00336107 89.8484 -0.954891 -0.296889 -0.00637232 -178.007 -0.00708286 0.00131768 0.999974 5.34084
-0.293763 0.955871 -0.00374554 89.6702 -0.955861 -0.293779 -0.00480927 -178.54 -0.0056974 0.00216743 0.999981 5.34216
-0.290479 0.956874 -0.00367813 89.5142 -0.956872 -0.290491 -0.00331605 -179.069 -0.0042415 0.00255626 0.999988 5.34414
-0.286534 0.958063 -0.00376513 89.3744 -0.958062 -0.286545 -0.00303389 -179.562 -0.00398554 0.00273791 0.999988 5.35027
-0.283012 0.959108 -0.00396014 89.2228 -0.95911 -0.283022 -0.00232614 -180.094 -0.00335182 0.00313989 0.999989 5.36026
-0.278473 0.960437 -0.00377406 89.0764 -0.960433 -0.278486 -0.00360816 -180.565 -0.00451643 0.00261996 0.999986 5.35659
-0.274101 0.961688 -0.00496514 88.9586 -0.96167 -0.27413 -0.0066358 -181.059 -0.00774266 0.00295594 0.999966 5.36989
-0.269081 0.963085 -0.00792671 88.8384 -0.963045 -0.269153 -0.0100136 -181.515 -0.0117775 0.00493931 0.999918 5.36815
-0.261645 0.96511 -0.0101791 88.7323 -0.965044 -0.261765 -0.0130349 -181.941 -0.0152447 0.00641274 0.999863 5.36802
-0.252815 0.967455 -0.0107326 88.6128 -0.967356 -0.252959 -0.0153087 -182.377 -0.0175254 0.00651202 0.999825 5.38769
-0.242065 0.970205 -0.010289 88.5144 -0.970096 -0.242206 -0.0158125 -182.787 -0.0178335 0.00615367 0.999822 5.38607
-0.228536 0.973488 -0.009617 88.4431 -0.973385 -0.228663 -0.0153367 -183.177 -0.0171292 0.00585605 0.999836 5.392
-0.213106 0.977002 -0.00724052 88.3596 -0.976903 -0.213192 -0.0144846 -183.609 -0.0156951 0.00398653 0.999869 5.39086
-0.194678 0.980844 -0.00675116 88.2876 -0.9808 -0.19474 -0.0103339 -184.032 -0.0114507 0.00460976 0.999924 5.38589
-0.171883 0.98509 -0.00739073 88.2283 -0.985076 -0.171939 -0.00787339 -184.38 -0.00902675 0.00592713 0.999942 5.39175
-0.146413 0.989195 -0.00755853 88.1773 -0.989188 -0.146469 -0.00736065 -184.781 -0.0083882 0.00639911 0.999944 5.39849
-0.118928 0.992889 -0.00522344 88.1667 -0.99286 -0.11897 -0.00865091 -185.16 -0.00921083 0.00415731 0.999949 5.38489
-0.0882091 0.9961 -0.00191945 88.1483 -0.996037 -0.0882252 -0.0112291 -185.588 -0.0113546 0.000921339 0.999935 5.40048
-0.0560175 0.998426 0.00277627 88.1482 -0.998362 -0.0559812 -0.011767 -185.963 -0.011593 -0.00343088 0.999927 5.39151
-0.0254176 0.999644 0.00805967 88.1666 -0.999576 -0.0252996 -0.014413 -186.344 -0.014204 -0.0084226 0.999864 5.4008
0.00550643 0.999915 0.0118478 88.1947 -0.99981 0.00572647 -0.0186187 -186.739 -0.018685 -0.011743 0.999756 5.39997
0.0374049 0.999191 0.0147851 88.2276 -0.999035 0.0377317 -0.0224808 -187.102 -0.0230205 -0.01393 0.999638 5.38961
0.0683402 0.997554 0.0146935 88.2635 -0.997296 0.0687065 -0.0260662 -187.469 -0.027012 -0.0128724 0.999552 5.40679
0.101591 0.994702 0.0157287 88.3256 -0.994428 0.101985 -0.0266855 -187.858 -0.0281482 -0.0129301 0.99952 5.39873
0.134707 0.990747 0.0165414 88.4041 -0.990464 0.135118 -0.0269173 -188.213 -0.0289033 -0.0127577 0.999501 5.39562
0.170845 0.98516 0.0165054 88.4761 -0.984877 0.171237 -0.0263764 -188.606 -0.0288113 -0.0117495 0.999516 5.39014
0.208126 0.977966 0.0162909 88.5631 -0.977734 0.208476 -0.0239482 -188.947 -0.0268168 -0.010944 0.99958 5.37816
0.246295 0.96908 0.0149001 88.6876 -0.968892 0.246573 -0.0212085 -189.297 -0.0242267 -0.00921303 0.999664 5.38867
0.287613 0.957623 0.0154011 88.8278 -0.957477 0.287876 -0.0190871 -189.696 -0.0227118 -0.00925653 0.999699 5.39108
0.32876 0.944229 0.018692 88.976 -0.944187 0.32905 -0.0153803 -190.018 -0.0206731 -0.0125924 0.999707 5.36364
0.372481 0.927772 0.0222975 89.1545 -0.927881 0.372754 -0.00954922 -190.437 -0.017171 -0.0171325 0.999706 5.35943
0.415881 0.909158 0.0217882 89.3387 -0.909306 0.416088 -0.00578056 -190.728 -0.0143213 -0.0174082 0.999746 5.34939
0.459793 0.887847 0.01784 89.5787 -0.88795 0.459924 -0.00386585 -191.162 -0.0116373 -0.0140635 0.999833 5.34958
0.502902 0.864267 0.0115147 89.8001 -0.864297 0.502968 -0.00366805 -191.523 -0.0089617 -0.00810745 0.999927 5.34411
0.544437 0.838778 0.00639611 90.0469 -0.838775 0.544464 -0.00387641 -191.816 -0.0067339 -0.00325444 0.999972 5.37161
0.585568 0.810595 0.00676177 90.3381 -0.810584 0.585601 -0.00499657 -192.24 -0.0080099 -0.00255515 0.999965 5.36655
0.624048 0.781307 0.0111512 90.6514 -0.781325 0.624114 -0.00365063 -192.549 -0.00981185 -0.00643451 0.999931 5.34355
0.662251 0.749137 0.0147691 91.0045 -0.749201 0.66234 -0.001624 -192.963 -0.0109988 -0.00998953 0.99989 5.33284
0.69796 0.715987 0.0146699 91.4101 -0.716042 0.698054 -0.00197294 -193.285 -0.011653 -0.00912726 0.99989 5.33427
0.730441 0.682836 0.0138515 91.7985 -0.682884 0.730525 -0.00163565 -193.613 -0.0112358 -0.00826422 0.999903 5.34109
0.761729 0.647777 0.0124269 92.2187 -0.647805 0.761803 -0.00217781 -194.006 -0.0108776 -0.00639131 0.99992 5.3344
0.788975 0.614327 0.0110195 92.6776 -0.614323 0.789044 -0.00406731 -194.274 -0.0111935 -0.00356053 0.999931 5.33191
0.813941 0.580834 0.0114666 93.1431 -0.580843 0.81401 -0.00288239 -194.649 -0.0110081 -0.00431417 0.99993 5.32325
0.834812 0.550401 0.012167 93.6491 -0.550403 0.834892 -0.00345146 -194.919 -0.0120578 -0.00381543 0.99992 5.32758
0.853446 0.520997 0.0139034 94.1942 -0.521016 0.853543 -0.00246289 -195.273 -0.0131503 -0.00514193 0.9999 5.32196
0.868966 0.49461 0.0160662 94.7588 -0.494626 0.8691 -0.00327322 -195.575 -0.0155821 -0.00510243 0.999866 5.3193
0.881378 0.472064 0.0181419 95.3381 -0.472043 0.881557 -0.00567158 -195.852 -0.0186705 -0.00356496 0.999819 5.31332
0.89213 0.451311 0.0205345 95.9655 -0.451258 0.892363 -0.00741282 -196.185 -0.0216697 -0.00265315 0.999762 5.30143
0.900642 0.43407 0.0206831 96.5757 -0.433953 0.900879 -0.010048 -196.471 -0.0229946 7.41561e-05 0.999736 5.29587
0.908552 0.417309 0.0196309 97.2361 -0.417114 0.908756 -0.0133747 -196.794 -0.0234211 0.0039633 0.999718 5.28082
0.915825 0.401156 0.0183954 97.9045 -0.400879 0.915973 -0.0170194 -197.083 -0.0236771 0.00821251 0.999686 5.27702
0.923053 0.384299 0.0169449 98.5865 -0.383961 0.923129 -0.0201563 -197.381 -0.0233884 0.0120992 0.999653 5.25594
0.929595 0.368229 0.0161298 99.3034 -0.367891 0.929642 -0.0205576 -197.651 -0.0225648 0.0131763 0.999659 5.25107
0.93553 0.35289 0.0158837 100.036 -0.35256 0.935569 -0.0202986 -197.894 -0.0220235 0.01339 0.999668 5.23731
0.940615 0.339079 0.0163841 100.787 -0.338756 0.940669 -0.0196445 -198.144 -0.0220731 0.0129277 0.999673 5.22587
0.943605 0.330574 0.0181656 101.536 -0.330273 0.943719 -0.0177137 -198.393 -0.0229989 0.0107151 0.999678 5.20722
0.945232 0.325774 0.0202148 102.318 -0.325503 0.945413 -0.0155568 -198.688 -0.0241794 0.00812475 0.999675 5.20357
0.945805 0.324021 0.0215458 103.084 -0.323753 0.946022 -0.0150269 -198.935 -0.0252518 0.00723703 0.999655 5.18195
0.945984 0.323492 0.0215889 103.901 -0.323218 0.946201 -0.0152575 -199.222 -0.0253631 0.00745543 0.999651 5.17282
0.946027 0.32344 0.0204725 104.719 -0.323114 0.946194 -0.0177099 -199.492 -0.025099 0.0101391 0.999634 5.15637
0.946121 0.323259 0.0189413 105.525 -0.322931 0.946242 -0.0184572 -199.775 -0.0238896 0.011346 0.99965 5.1438
0.946129 0.323296 0.0178891 106.349 -0.322989 0.94623 -0.0180872 -200.038 -0.0227747 0.0113348 0.999676 5.13625
0.945877 0.324004 0.0183911 107.209 -0.323704 0.945996 -0.0175306 -200.336 -0.0230779 0.0106285 0.999677 5.12261
0.945656 0.324589 0.0193929 108.048 -0.324229 0.945776 -0.0195898 -200.618 -0.0247 0.0122374 0.99962 5.10806
0.945192 0.325738 0.0225121 108.932 -0.325321 0.945385 -0.0203144 -200.924 -0.0278998 0.0118774 0.99954 5.09456
0.945101 0.325983 0.0227775 109.764 -0.325484 0.945266 -0.023056 -201.221 -0.0290466 0.0143766 0.999475 5.0886
0.944704 0.327151 0.0224929 110.641 -0.326571 0.944816 -0.0259734 -201.519 -0.0297488 0.0171916 0.99941 5.0632
0.944743 0.327113 0.0213946 111.497 -0.326601 0.944851 -0.0242567 -201.825 -0.0281494 0.0159289 0.999477 5.0547
0.944535 0.327659 0.0222087 112.35 -0.327055 0.944621 -0.0269663 -202.101 -0.0298146 0.0182072 0.99939 5.04559
0.94434 0.32808 0.0241809 113.227 -0.327315 0.944412 -0.0308328 -202.406 -0.0329524 0.0212019 0.999232 5.0233
0.944296 0.328031 0.0264514 114.066 -0.32719 0.944428 -0.0316545 -202.716 -0.0353651 0.0212366 0.999149 5.01135
0.944198 0.328361 0.0258736 114.948 -0.327505 0.944292 -0.032456 -203.009 -0.0350895 0.0221712 0.999138 4.99758
0.944361 0.328014 0.0242625 115.822 -0.327123 0.944351 -0.0345334 -203.317 -0.0342397 0.0246751 0.999109 4.97635
0.944498 0.327713 0.0229733 116.686 -0.326868 0.944454 -0.0341157 -203.609 -0.0328774 0.024713 0.999154 4.96596
0.944598 0.32748 0.0221534 117.573 -0.326676 0.944543 -0.0334806 -203.919 -0.0318891 0.0243888 0.999194 4.95973
0.945111 0.326032 0.0216548 118.412 -0.325256 0.945051 -0.032976 -204.176 -0.0312162 0.0241227 0.999222 4.94178
0.945585 0.324678 0.0212725 119.318 -0.323853 0.945466 -0.0348456 -204.5 -0.031426 0.0260603 0.999166 4.91852
0.946001 0.323397 0.0222899 120.155 -0.322558 0.945922 -0.0344613 -204.776 -0.0322292 0.0254106 0.999157 4.90253
0.9462 0.322746 0.023268 121.03 -0.321912 0.946175 -0.033557 -205.072 -0.032846 0.0242614 0.999166 4.88776
0.946693 0.321271 0.0235918 121.9 -0.320417 0.946668 -0.0339428 -205.373 -0.0332384 0.0245742 0.999145 4.87757
0.947133 0.319997 0.0232429 122.762 -0.319156 0.9471 -0.0337896 -205.654 -0.0328259 0.0245851 0.999159 4.85929
0.947684 0.318341 0.0235417 123.649 -0.317536 0.947689 -0.0325024 -205.943 -0.032657 0.0233267 0.999194 4.84552
0.948138 0.316932 0.024258 124.487 -0.316052 0.948125 -0.0342163 -206.219 -0.0338439 0.024775 0.99912 4.82663
0.948574 0.315537 0.0253919 125.4 -0.31463 0.948598 -0.0341955 -206.545 -0.0348767 0.0244479 0.999093 4.81516
0.949185 0.313616 0.0263389 126.246 -0.312653 0.949219 -0.0350913 -206.826 -0.0360066 0.0250732 0.999037 4.8038
0.949696 0.312026 0.0267883 127.113 -0.311058 0.949749 -0.0349347 -207.096 -0.0363427 0.0248446 0.999031 4.79456
0.950219 0.31046 0.026413 127.965 -0.309441 0.950214 -0.0365939 -207.375 -0.0364589 0.026599 0.998981 4.78161
0.950807 0.308702 0.0258654 128.786 -0.307676 0.950764 -0.037196 -207.627 -0.0360743 0.0274081 0.998973 4.75348
0.95129 0.307225 0.0256847 129.659 -0.306195 0.951232 -0.0374439 -207.92 -0.0359358 0.0277555 0.998969 4.75039
0.951964 0.305055 0.0265545 130.488 -0.303948 0.951894 -0.0388962 -208.178 -0.0371426 0.0289566 0.99889 4.72077
0.952721 0.302374 0.0298945 131.32 -0.301131 0.952748 -0.0398855 -208.422 -0.0405423 0.0289975 0.998757 4.70161
0.953229 0.300486 0.0326096 132.119 -0.299144 0.953354 -0.0403703 -208.676 -0.0432192 0.0287271 0.998653 4.68647
0.953962 0.298291 0.0312819 132.917 -0.296951 0.954001 -0.0412498 -208.92 -0.0421474 0.0300616 0.998659 4.6755
0.954752 0.29612 0.0275808 133.694 -0.294954 0.954688 -0.039675 -209.155 -0.0380796 0.0297447 0.998832 4.65621
0.9557 0.293386 0.0237297 134.479 -0.292384 0.955534 -0.0382789 -209.374 -0.0339051 0.0296449 0.998985 4.63423
0.956417 0.291074 0.0233036 135.234 -0.290138 0.956281 -0.036691 -209.619 -0.0329645 0.0283307 0.999055 4.62263
0.957039 0.288895 0.0248368 135.964 -0.287923 0.956957 -0.0365105 -209.822 -0.0343155 0.0277908 0.999025 4.61608
0.957928 0.285683 0.02755 136.683 -0.284577 0.957896 -0.0380923 -210.057 -0.0372723 0.0286496 0.998894 4.60704
0.959277 0.280818 0.0304882 137.382 -0.279588 0.959322 -0.0391281 -210.251 -0.0402359 0.0290105 0.998769 4.58597
0.960305 0.276956 0.0333173 138.049 -0.275638 0.960458 -0.0392871 -210.448 -0.0428807 0.0285441 0.998672 4.58522
